0.43937501311302185
0.4521014988422394
0.4283960163593292
0.4085752069950104
0.4069272577762604
0.40275707840919495
0.3861142098903656
0.4136601984500885
0.4173048138618469
0.4102231562137604
0.4113715887069702
0.4277283251285553
0.4277743101119995
0.4400496482849121
0.4189387857913971
0.4236518442630768
0.44183215498924255
0.39579007029533386
0.39578744769096375
0.3688395321369171
0.31974121928215027
0.3085664212703705
0.32656604051589966
0.32436609268188477
0.31323161721229553
0.32790839672088623
0.3267129361629486
0.343410849571228
0.3331622779369354
0.3380109965801239
0.3185918927192688
0.2968460023403168
0.3195541203022003
0.33181798458099365
0.2729896008968353
0.3153485953807831
0.33526739478111267
0.32022708654403687
0.3149063289165497
0.2682378888130188
0.270607590675354
0.2623671293258667
0.2470366209745407
0.2675297260284424
0.2929028272628784
0.2845906615257263
0.26674360036849976
0.3132263720035553
0.29220691323280334
0.315992146730423
0.33234238624572754
0.32429397106170654
0.3365432322025299
0.3172134459018707
0.4169228971004486
0.38692209124565125
0.39868292212486267
0.41017571091651917
0.4090023934841156
0.3971990942955017
0.3960246741771698
0.3665196895599365
0.3691982626914978
0.35496819019317627
0.376653254032135
0.3296683430671692
0.3578944504261017
0.3364035189151764
0.3294551372528076
0.33562174439430237
0.35937392711639404
0.36156129837036133
0.36294639110565186
0.3461751341819763
0.3622468113899231
0.38398557901382446
0.34565576910972595
0.376897931098938
0.3469245731830597
0.3189149498939514
0.30210572481155396
0.2913798391819
0.3497457802295685
0.3634108901023865
0.4252135455608368
0.42573899030685425
0.3597942888736725
0.33685845136642456
0.3556005656719208
0.32155755162239075
0.29731976985931396
0.2997981905937195
0.3710848093032837
0.5416498780250549
0.6613238453865051
0.7797395586967468
0.8501811623573303
0.9143363833427429
1.0
1.0
1.0
1.0
1.0
1.0
1.0
1.0
1.0
1.0
1.0
0.9989123940467834
1.0
1.0
1.0
1.0
0.9862892031669617
0.967391848564148
1.0
1.0
1.0
1.0
1.0
1.0
1.0
1.0
1.0
0.9696703553199768
0.9531069993972778
0.9078552722930908
0.897727370262146
0.8783166408538818
0.8151999711990356
0.8106560111045837
0.7578967213630676
0.7393969297409058
0.7762591242790222
0.7301788926124573
0.7128309011459351
0.6351813077926636
0.6621492505073547
0.5920203924179077
0.6026740670204163
0.6835976839065552
0.6335930228233337
0.6304388642311096
0.5978258848190308
0.5407500863075256
0.6038958430290222
0.6256409287452698
0.6105130910873413
0.7555882334709167
0.7584551572799683
0.7392383217811584
0.8043201565742493
0.8245353698730469
0.8322823643684387
0.8374361991882324
0.8431181907653809
0.8241460919380188
0.8398775458335876
0.904504120349884
0.9437534213066101
0.9834088683128357
1.0
1.0
1.0
1.0
1.0
1.0
1.0
1.0
1.0
1.0
0.9904828071594238
0.9818403720855713
0.9632020592689514
0.8934997320175171
0.8946440815925598
0.882668673992157
0.8870405554771423
0.9057795405387878
0.8853190541267395
0.8377912044525146
0.8286253213882446
0.7629918456077576
0.7457647919654846
0.7680954337120056
0.7379481792449951
0.8007259964942932
0.7801917195320129
0.7801913022994995
0.7555895447731018
0.7465371489524841
0.7272300124168396
0.7162495851516724
0.6733530163764954
0.7481071352958679
0.7164403796195984
0.6808516383171082
0.6705151200294495
0.6667255759239197
0.6375700831413269
0.621887743473053
0.5542336106300354
0.5144652128219604
0.5610437393188477
0.5329950451850891
0.4444611668586731
0.4441975951194763
0.5138502717018127
0.5055051445960999
0.49766162037849426
0.5372382998466492
0.565205454826355
0.5721520781517029
0.55726158618927
0.5894313454627991
0.5815529227256775
0.6226214170455933
0.6672428846359253
0.8872506618499756
0.9501327276229858
1.0
1.0
1.0
1.0
1.0
1.0
1.0
1.0
1.0
1.0
1.0
1.0
1.0
1.0
1.0
1.0
0.9997300505638123
1.0
1.0
1.0
1.0
1.0
1.0
1.0
0.9979984164237976
0.9871647953987122
1.0
1.0
0.9848776459693909
0.9774557948112488
0.9831408858299255
1.0
1.0
1.0
0.9951830506324768
0.9521671533584595
0.9276773929595947
0.8815299272537231
0.8546150326728821
0.7941303849220276
0.7941300868988037
0.8536276817321777
0.8271422982215881
0.8103107810020447
0.7831304669380188
0.7554174661636353
0.7406718134880066
0.80324786901474
0.7804681062698364
0.7782458662986755
0.7587732076644897
0.7499297857284546
0.7446728348731995
0.7495145201683044
0.6867089867591858
0.6561866998672485
0.7179945111274719
0.6915696859359741
0.6599489450454712
0.6599481105804443
0.6079453825950623
0.6240019202232361
0.6177076101303101
0.6087290048599243
0.6450273394584656
0.6212138533592224
0.5465013980865479
0.5806388854980469
0.54581218957901
0.5299772024154663
0.49416443705558777
0.5440006852149963
0.5168253779411316
0.6036969423294067
0.7056021690368652
0.7184444069862366
0.7118731737136841
0.7258908748626709
0.7162989974021912
0.7423197627067566
0.7536240220069885
0.786581814289093
0.841687023639679
0.930417537689209
0.9223731756210327
1.0
1.0
0.9882193803787231
1.0
1.0
1.0
1.0
1.0
1.0
1.0
1.0
1.0
1.0
1.0
1.0
1.0
1.0
0.9866049885749817
0.9747263789176941
0.9883880615234375
0.9744272232055664
0.9899999499320984
1.0
1.0
1.0
0.9857997298240662
0.9885751605033875
0.956792950630188
0.9142767190933228
0.9036579132080078
0.8921306729316711
0.888187050819397
0.8881868124008179
0.8535605669021606
0.8365073800086975
0.8257737755775452
0.8009635210037231
0.7887294888496399
0.7776831388473511
0.7419549822807312
0.7746168375015259
0.7394343614578247
0.7134236097335815
0.7142192721366882
0.6951444745063782
0.6619343757629395
0.6308606266975403
0.6363956332206726
0.6083663702011108
0.6000927686691284
0.5894705653190613
0.5894694924354553
0.6428658366203308
0.5257453322410583
0.5440095067024231
0.5262162685394287
0.4950352609157562
0.462575227022171
0.4767354428768158
0.5105462670326233
0.679421067237854
0.665216326713562
0.7108429074287415
0.7640822529792786
0.7266027927398682
0.7045378088951111
0.7767062783241272
0.81645268201828
0.8650824427604675
0.9027876257896423
0.9863436818122864
0.9489255547523499
0.9544212222099304
1.0
1.0
1.0
0.9881439208984375
1.0
1.0
1.0
1.0
1.0
1.0
1.0
1.0
1.0
1.0
1.0
1.0
1.0
1.0
0.9978111982345581
0.9927051663398743
1.0
1.0
1.0
1.0
0.9487242102622986
0.92779940366745
0.9294766783714294
0.9320130944252014
0.9230353832244873
0.9598931074142456
0.9765117764472961
0.9559453129768372
0.9679859280586243
0.9587720632553101
0.9422793388366699
0.9600864052772522
0.9684776067733765
0.9678062200546265
0.9474773406982422
0.9451101422309875
0.9366021752357483
0.9436574578285217
0.9420801401138306
0.9307263493537903
0.9057799577713013
0.9334138631820679
0.8954582214355469
0.882673978805542
0.8651642799377441
0.8595229983329773
0.815194308757782
0.8133987784385681
0.813398540019989
0.811837911605835
0.7980291843414307
0.7878704071044922
0.7692762017250061
0.7441182136535645
0.744812548160553
0.7341670393943787
0.7116658091545105
0.7572611570358276
0.7227150797843933
0.7339190244674683
0.7206108570098877
0.7034199237823486
0.7473156452178955
0.7193127870559692
0.7178146839141846
0.6994591355323792
0.7063303589820862
0.6912307739257812
0.6827652454376221
0.681577205657959
0.6821578145027161
0.6807522177696228
0.6727758049964905
0.6851733326911926
0.7150574326515198
0.7284312844276428
0.7573160529136658
0.7795572280883789
0.778461754322052
0.7829635739326477
0.7637835741043091
0.7298479080200195
0.7554400563240051
0.7773678302764893
0.7888917922973633
0.7985082864761353
0.8060129880905151
0.8302856683731079
0.8598781228065491
0.875034749507904
0.9001296758651733
0.917424201965332
0.9416173100471497
1.0
1.0
1.0
1.0
1.0
0.9776054620742798
0.9559611082077026
0.9322646856307983
0.9172484278678894
0.9390432238578796
0.9322219491004944
0.9322218298912048
0.9358755350112915
0.9420533776283264
0.9575489163398743
0.9592350125312805
0.9364351630210876
0.9290002584457397
0.9097294211387634
0.8894323706626892
0.8540381193161011
0.8699547052383423
0.8285549283027649
0.8211414813995361
0.809535562992096
0.8060435652732849
0.8024128079414368
0.7477349042892456
0.7469412684440613
0.7036106586456299
0.7036100625991821
0.7036095261573792
0.7594627737998962
0.7576554417610168
0.7223759889602661
0.6781986355781555
0.6483012437820435
0.6965674757957458
0.6723809242248535
0.6548930406570435
0.6191491484642029
0.622066855430603
0.5622765421867371
0.5533008575439453
0.4813264310359955
0.45584774017333984
0.42613354325294495
0.44672009348869324
0.48663926124572754
0.5014703273773193
0.4793941080570221
0.457442969083786
0.4072810709476471
0.39073798060417175
0.36567795276641846
0.3670760989189148
0.3729928433895111
0.4057680070400238
0.39810845255851746
0.4033263921737671
0.4380747079849243
0.46698060631752014
0.5009691715240479
0.5891222357749939
0.6464217305183411
0.6817798018455505
0.7209907174110413
0.8230122923851013
0.8230116367340088
0.8645150661468506
0.8963247537612915
0.9104732275009155
0.9524834752082825
1.0
1.0
0.9912283420562744
1.0
1.0
1.0
1.0
1.0
1.0
1.0
1.0
1.0
1.0
1.0
1.0
1.0
1.0
0.9755187034606934
1.0
1.0
1.0
1.0
0.9886510968208313
0.9966202974319458
0.9869822263717651
0.9783316850662231
0.9650652408599854
0.9603819251060486
0.9483888745307922
0.9028168320655823
0.8865859508514404
0.8558554649353027
0.8424277305603027
0.8424274325370789
0.794904351234436
0.7806383967399597
0.7554159760475159
0.7589125633239746
0.7265353798866272
0.708558201789856
0.6905911564826965
0.6940588355064392
0.7611904144287109
0.7130650281906128
0.69533371925354
0.6592922806739807
0.6448989510536194
0.7037465572357178
0.6416987180709839
0.5936698913574219
0.6204360723495483
0.5969398617744446
0.5969387292861938
0.5239742398262024
0.3820350170135498
0.352545827627182
0.43103915452957153
0.46860212087631226
0.5214351415634155
0.5382408499717712
0.6234267354011536
0.6707659363746643
0.8081821799278259
1.0
1.0
1.0
1.0
1.0
1.0
1.0
1.0
1.0
1.0
1.0
1.0
1.0
0.9789746999740601
1.0
1.0
0.9894652962684631
1.0
1.0
1.0
1.0
1.0
1.0
1.0
1.0
1.0
1.0
1.0
1.0
1.0
1.0
1.0
1.0
0.9882367849349976
0.9760324954986572
0.9634997844696045
0.9593733549118042
0.9264520406723022
0.9007248282432556
0.8518809080123901
0.8626124262809753
0.7964900732040405
0.7783954739570618
0.7588943243026733
0.7651928067207336
0.7736548781394958
0.7699246406555176
0.8496177792549133
0.836388885974884
0.7947170734405518
0.7639420628547668
0.7470899820327759
0.7815473079681396
0.7627865076065063
0.7699739336967468
0.7247852087020874
0.6995143890380859
0.7658321857452393
0.7317478656768799
0.7202921509742737
0.6721106171607971
0.7231733202934265
0.6834760308265686
0.6834751963615417
0.6579471230506897
0.6219784021377563
0.6802271008491516
0.5424244403839111
0.556137204170227
0.5176599621772766
0.5162702798843384
0.6066230535507202
0.6605099439620972
0.6896345019340515
0.6709575057029724
0.6724956035614014
0.6670421957969666
0.6680984497070312
0.6908501982688904
0.7203769683837891
0.774531364440918
0.7826060652732849
0.7826054096221924
0.759302020072937
0.7499396204948425
0.7991278171539307
0.8680419325828552
0.9040930271148682
0.9572184085845947
1.0
1.0
1.0
1.0
1.0
1.0
1.0
1.0
1.0
1.0
1.0
1.0
1.0
1.0
1.0
1.0
1.0
1.0
1.0
1.0
1.0
1.0
1.0
0.9757992625236511
0.9531400203704834
0.8829336762428284
0.8669645190238953
0.8704225420951843
0.8953050374984741
0.926543653011322
0.9261340498924255
0.9025599360466003
0.8915285468101501
0.8915283679962158
0.8932848572731018
0.8802090883255005
0.8835485577583313
0.856098473072052
0.8247088193893433
0.7841135859489441
0.7837636470794678
0.7281978130340576
0.7836471199989319
0.7592918872833252
0.7129513025283813
0.7631487846374512
0.7583085894584656
0.7441605925559998
0.7116256952285767
0.64419025182724
0.691288948059082
0.6849439740180969
0.670818567276001
0.6708177328109741
0.6389930844306946
0.6618068218231201
0.5789803862571716
0.57004714012146
0.5871471762657166
0.5177359580993652
0.47653311491012573
0.4918869137763977
0.5123924016952515
0.5377640128135681
0.5748067498207092
0.5980802774429321
0.5986570119857788
0.5757037997245789
0.6094571948051453
0.6660791635513306
0.6734369993209839
0.7066872119903564
0.70668625831604
0.6908453106880188
0.6989697217941284
0.7166743874549866
0.7225614786148071
0.7271038889884949
0.7389447689056396
0.7458685040473938
0.7419134378433228
0.7802256345748901
0.8340175747871399
0.8231574296951294
0.8665376305580139
0.9073815941810608
0.9091516733169556
0.9166189432144165
0.9468779563903809
0.9776136875152588
1.0
1.0
1.0
0.990605354309082
1.0
1.0
1.0
1.0
1.0
1.0
1.0
1.0
0.9922341704368591
0.9837057590484619
1.0
0.9890101552009583
1.0
1.0
0.9405226111412048
0.9086416959762573
0.908641517162323
0.8494321703910828
0.8631271123886108
0.8638961315155029
0.8301706910133362
0.8313486576080322
0.846607506275177
0.8168894648551941
0.8154828548431396
0.817385733127594
0.7870646119117737
0.7703448534011841
0.7459526062011719
0.7282945513725281
0.7088770270347595
0.7076837420463562
0.6972194314002991
0.7010746598243713
0.6859434843063354
0.6859428286552429
0.6595752835273743
0.6714051961898804
0.7483888864517212
0.6869702935218811
0.6593114733695984
0.6853243708610535
0.6479475498199463
0.6238151788711548
0.5637460350990295
0.5241511464118958
0.5576884746551514
0.4793950617313385
0.4524283707141876
0.4656672477722168
0.442060261964798
0.47491663694381714
0.5100581049919128
0.5184109807014465
0.5040630102157593
0.512661337852478
0.5406690239906311
0.554684579372406
0.6122889518737793
0.7346546649932861
0.7522845268249512
0.7600648403167725
0.7911396026611328
0.7930284738540649
0.8086187243461609
0.8024882078170776
0.8217462301254272
0.8531745672225952
0.902571976184845
0.9025716185569763
0.9261284470558167
0.9512344598770142
0.9518507122993469
0.9637576341629028
0.9742560982704163
1.0
1.0
1.0
1.0
1.0
1.0
1.0
0.988965630531311
1.0
1.0
1.0
0.9588442444801331
0.9341209530830383
0.8762036561965942
0.8856797218322754
0.909472644329071
0.9397122263908386
0.9454140067100525
0.8943323493003845
0.8617395758628845
0.8244917392730713
0.7887282967567444
0.7732952833175659
0.7887144088745117
0.7771233916282654
0.7628508806228638
0.7668411135673523
0.7506836652755737
0.7311118245124817
0.7296371459960938
0.707647979259491
0.6802866458892822
0.6575774550437927
0.6343966126441956
0.6094939708709717
0.5704119801521301
0.5815289616584778
0.5710566639900208
0.5783010721206665
0.619793713092804
0.6147232055664062
0.6229430437088013
0.6217201352119446
0.6238818764686584
0.6095287799835205
0.5753809809684753
0.5638359785079956
0.5638346076011658
0.6117178201675415
0.6214087009429932
0.7174596786499023
0.7430431842803955
0.7383546829223633
0.7360570430755615
0.7496662735939026
0.7339972257614136
0.7584852576255798
0.7591379880905151
0.7628361582756042
0.7682380080223083
0.8213526606559753
0.8537437915802002
0.8603529930114746
0.8959711194038391
0.9132072925567627
0.9506912231445312
0.9928498864173889
1.0
1.0
1.0
1.0
1.0
1.0
1.0
1.0
0.989459216594696
0.9942556023597717
0.9783964157104492
1.0
0.9725156426429749
0.9876123666763306
0.9712885618209839
0.9350287318229675
0.920474112033844
0.8402842879295349
0.8131241202354431
0.7988574504852295
0.788856029510498
0.7690281867980957
0.75310879945755
0.7421454787254333
0.7284681797027588
0.6888772249221802
0.6607246398925781
0.7078936100006104
0.7081792950630188
0.6885106563568115
0.6393969655036926
0.6047677993774414
0.6700122356414795
0.6208874583244324
0.6128491759300232
0.7120094299316406
0.6604509949684143
0.6476768255233765
0.8059530258178711
0.7886443734169006
0.7852840423583984
0.7733436822891235
0.7553265690803528
0.724665641784668
0.750351071357727
0.7771853804588318
0.8417730927467346
0.8654835820198059
0.8587255477905273
0.8747528195381165
0.9204012155532837
0.9445273876190186
0.9402378797531128
0.9320521950721741
0.9416576623916626
0.954682469367981
0.9648478627204895
1.0
1.0
1.0
1.0
1.0
1.0
1.0
1.0
1.0
1.0
0.9884832501411438
0.9457569718360901
0.9709324240684509
0.9379345178604126
0.8733733892440796
0.8372076153755188
0.8462591171264648
0.9159155488014221
0.9518148303031921
1.0
1.0
0.9540500044822693
1.0
0.9791113138198853
0.9832907319068909
1.0
0.9636688232421875
0.9877030849456787
0.9497134685516357
0.9675785303115845
0.9753568172454834
1.0
1.0
1.0
1.0
0.980505645275116
0.9794676303863525
0.9685630798339844
0.9657662510871887
0.9401304125785828
0.9218437075614929
0.9253415465354919
0.9006301164627075
0.896716833114624
0.8737685084342957
0.8575679659843445
0.8150234818458557
0.7651865482330322
0.7368336319923401
0.6779392957687378
0.7334846258163452
0.721987247467041
0.6681308150291443
0.6318407654762268
0.6119173765182495
0.5908848643302917
0.5693146586418152
0.6014231443405151
0.5973998308181763
0.5711360573768616
0.6395376920700073
0.6780847311019897
0.6833873987197876
0.6470729112625122
0.6416786313056946
0.6178568601608276
0.5861339569091797
0.5391302704811096
0.5448280572891235
0.547653317451477
0.548808217048645
0.5390363931655884
0.5617890954017639
0.5679495930671692
0.5688198804855347
0.617607057094574
0.6305393576622009
0.675369143486023
0.7868536710739136
0.8338460922241211
0.9394165873527527
0.9916402101516724
0.9925743937492371
1.0
0.9869822263717651
0.9954850673675537
1.0
1.0
1.0
0.9504821300506592
0.9233804941177368
0.9635984301567078
0.9718887209892273
0.9096449017524719
0.8917244672775269
0.918468177318573
0.9168183207511902
0.9086963534355164
0.8901597857475281
0.9071025848388672
0.9027830362319946
0.9027827382087708
0.8928572535514832
0.8915983438491821
0.8912076950073242
0.9049891233444214
0.8961172699928284
0.880279541015625
0.8687146902084351
0.8519094586372375
0.8145096898078918
0.8056773543357849
0.7537486553192139
0.6599687337875366
0.612581193447113
0.5699180364608765
0.5437212586402893
0.5087633728981018
0.5087618827819824
0.5272266268730164
0.49167296290397644
0.4611786901950836
0.4897010922431946
0.40434208512306213
0.3779650330543518
0.47389504313468933
0.5199564099311829
0.54563969373703
0.4653242230415344
0.4488053023815155
0.4657329022884369
0.42796292901039124
0.39851370453834534
0.5684356093406677
0.6230537295341492
0.6259128451347351
0.6915621161460876
0.7990012168884277
0.7797361016273499
0.8352570533752441
0.977685809135437
1.0
1.0
1.0
1.0
1.0
1.0
1.0
1.0
1.0
1.0
1.0
1.0
0.990062952041626
1.0
1.0
1.0
1.0
1.0
1.0
1.0
1.0
0.9400832653045654
0.9575217366218567
0.9307457804679871
0.9246748685836792
0.9348439574241638
0.9331681132316589
0.9392127990722656
0.9078853726387024
0.878749668598175
0.8754616975784302
0.8754614591598511
0.8467974066734314
0.8455489277839661
0.7984758615493774
0.8007256984710693
0.7887757420539856
0.7491937279701233
0.77848219871521
0.7741632461547852
0.7637839913368225
0.7259831428527832
0.7147314548492432
0.6984853148460388
0.6779573559761047
0.724175214767456
0.6753641963005066
0.6592101454734802
0.6418285369873047
0.6819262504577637
0.647719144821167
0.6207836270332336
0.5931358933448792
0.5838576555252075
0.5224618315696716
0.5149006247520447
0.5124909281730652
0.553430438041687
0.49416449666023254
0.4340963363647461
0.43676823377609253
0.4297149181365967
0.45404911041259766
0.5261768698692322
0.5651796460151672
0.6106662750244141
0.6779993772506714
0.715850293636322
0.738699197769165
0.7386982440948486
0.7397834062576294
0.7486007809638977
0.7716047763824463
0.7545257806777954
0.7589766979217529
0.7530999183654785
0.7718056440353394
0.77029949426651
0.7723907828330994
0.8211733102798462
0.836978018283844
0.864324152469635
0.8872280120849609
0.968917727470398
0.9871766567230225
1.0
1.0
1.0
1.0
1.0
1.0
1.0
0.9803322553634644
1.0
1.0
1.0
1.0
1.0
0.967258095741272
0.9548026323318481
0.970902681350708
0.9710487127304077
0.9609144330024719
0.9473701119422913
0.9143558144569397
0.8772833943367004
0.8609210848808289
0.8507776260375977
0.8454888463020325
0.8272125124931335
0.810168445110321
0.7987431883811951
0.7769601941108704
0.7588374614715576
0.7576138377189636
0.7342767715454102
0.7376568913459778
0.7216920852661133
0.6940925121307373
0.6607303023338318
0.6369529962539673
0.7023719549179077
0.6424080729484558
0.6207147836685181
0.6120991706848145
0.5760736465454102
0.6063023805618286
0.6063012480735779
0.5340206027030945
0.5784865617752075
0.5404996871948242
0.5655774474143982
0.5527556538581848
0.5306221842765808
0.44290030002593994
0.4286331832408905
0.43668484687805176
0.4192661643028259
0.4933803677558899
0.6205337047576904
0.6568557024002075
0.7376989126205444
0.7497485280036926
0.7698571681976318
0.7811781167984009
0.781177282333374
0.7407755255699158
0.75153648853302
0.72734534740448
0.7699490189552307
0.7807179689407349
0.7732629179954529
0.793172299861908
0.8005519509315491
0.8245723843574524
0.8200209736824036
0.838554859161377
0.8345540165901184
0.8500444293022156
0.8672229647636414
0.9327800273895264
1.0
1.0
1.0
1.0
1.0
1.0
1.0
1.0
1.0
0.9747374653816223
0.9881098866462708
1.0
1.0
1.0
1.0
1.0
0.9555351138114929
0.9229707717895508
0.863895058631897
0.8148175477981567
0.7980635762214661
0.7902659773826599
0.7664377689361572
0.7578327059745789
0.7570948004722595
0.7491275072097778
0.7559406161308289
0.7380917072296143
0.742735743522644
0.7143316268920898
0.7350839972496033
0.7243817448616028
0.7294309735298157
0.714644730091095
0.7357169985771179
0.7330939769744873
0.717576265335083
0.7097704410552979
0.6710023880004883
0.6810982823371887
0.6754019856452942
0.6671977043151855
0.6232713460922241
0.6468315124511719
0.6530789136886597
0.5702446699142456
0.5628895163536072
0.5668022632598877
0.5812404751777649
0.6019608378410339
0.591587483882904
0.6126525402069092
0.5476357936859131
0.5717104077339172
0.587252140045166
0.6101656556129456
0.5686807036399841
0.5602555871009827
0.5625444054603577
0.5603680610656738
0.5603665709495544
0.5886760950088501
0.5946171879768372
0.5968540906906128
0.6119689345359802
0.6255900263786316
0.6445215940475464
0.6410494446754456
0.6481751203536987
0.6436827778816223
0.6524274945259094
0.656656801700592
0.6794708967208862
0.7092162370681763
0.7186728119850159
0.7144820690155029
0.7381889820098877
0.7485178112983704
0.7522398829460144
0.7450565099716187
0.7437973618507385
0.7599238753318787
0.7652420997619629
0.7788792252540588
0.8461711406707764
0.8425559997558594
0.925810694694519
0.9203726053237915
1.0
0.9902153611183167
1.0
1.0
0.9925609827041626
1.0
0.9920992851257324
0.9658260345458984
0.9969401955604553
1.0
1.0
1.0
0.9994535446166992
1.0
0.9714792370796204
1.0
1.0
1.0
0.9810527563095093
0.9624301195144653
0.9820890426635742
0.9828266501426697
0.9687071442604065
0.9637580513954163
0.9516943097114563
0.9344808459281921
0.9376088976860046
0.942554771900177
0.9512227177619934
0.9344325065612793
0.9367514848709106
0.9326012134552002
0.9395043253898621
0.9365081787109375
0.9286634922027588
0.8949366211891174
0.862188458442688
0.7956761717796326
0.7362396717071533
0.694041907787323
0.6054816246032715
0.5645971894264221
0.5636501312255859
0.551734983921051
0.541986882686615
0.5334262847900391
0.5412306189537048
0.5300456881523132
0.49311235547065735
0.5107801556587219
0.5107784271240234
0.5377838611602783
0.625803530216217
0.6254372000694275
0.6464623212814331
0.6171555519104004
0.574836790561676
0.5883232355117798
0.5900780558586121
0.580482006072998
0.5781148672103882
0.5784204006195068
0.611450731754303
0.6246045231819153
0.6196607351303101
0.7080904841423035
0.7047186493873596
0.7235233783721924
0.7175604701042175
0.7175595164299011
0.7197245955467224
0.7252852916717529
0.7317532896995544
0.7826127409934998
0.8117401003837585
0.8217480778694153
0.8546881675720215
0.9173191785812378
0.9624776244163513
1.0
1.0
1.0
1.0
1.0
1.0
1.0
1.0
1.0
1.0
1.0
1.0
1.0
0.9951996207237244
0.9821140766143799
0.9782832264900208
0.964647650718689
0.9647960662841797
0.9709953665733337
0.9527835249900818
0.9360193610191345
0.9422000050544739
0.9269391298294067
0.9072306752204895
0.9007120728492737
0.8792217373847961
0.8426049947738647
0.8256320357322693
0.8133018612861633
0.8133015036582947
0.7931665778160095
0.7807517051696777
0.7768666744232178
0.7861455678939819
0.77247154712677
0.7348494529724121
0.7304765582084656
0.731048047542572
0.7456161379814148
0.72785484790802
0.7158383727073669
0.7154383659362793
0.7152990698814392
0.7035713195800781
0.6731608510017395
0.6710919141769409
0.667303740978241
0.6811195015907288
0.6679033041000366
0.6513329744338989
0.6225947141647339
0.6263659000396729
0.6312419772148132
0.613774836063385
0.5794162154197693
0.6662652492523193
0.647884726524353
0.6324314475059509
0.6680293083190918
0.6625710129737854
0.6612551808357239
0.672020673751831
0.7263656854629517
0.7045806050300598
0.7543113827705383
0.7458210587501526
0.7844240069389343
0.7844234704971313
0.8228653073310852
0.8409290313720703
0.880003035068512
1.0
1.0
1.0
1.0
1.0
1.0
1.0
1.0
1.0
1.0
1.0
1.0
1.0
0.9803294539451599
0.9772897958755493
0.9692058563232422
0.9829405546188354
0.9892361164093018
0.9511185884475708
0.9482097625732422
0.9166432023048401
0.9327739477157593
0.8743818998336792
0.8596557378768921
0.873173177242279
0.8629443049430847
0.8620465397834778
0.8511396050453186
0.8487845063209534
0.8396919369697571
0.8285342454910278
0.8064794540405273
0.792699933052063
0.752966582775116
0.7329051494598389
0.7152873873710632
0.7792930006980896
0.6902371644973755
0.6711462140083313
0.7181821465492249
0.6927434802055359
0.6527014970779419
0.6759790182113647
0.6337644457817078
0.6418941020965576
0.6295889616012573
0.6272516250610352
0.6074569225311279
0.5795127153396606
0.5342696905136108
0.5470677018165588
0.5626010298728943
0.5659740567207336
0.5451817512512207
0.537606954574585
0.5258201956748962
0.5627501010894775
0.5704726576805115
0.6069082617759705
0.6188252568244934
0.6506854891777039
0.6724100112915039
0.6896759271621704
0.6984028816223145
0.7093267440795898
0.712855875492096
0.7128549814224243
0.7402601838111877
0.7800379395484924
0.8165264129638672
0.8137686848640442
0.8629094362258911
0.8618981838226318
0.9155415296554565
0.9456622004508972
0.9497672915458679
0.9935553073883057
1.0
1.0
1.0
0.9790925979614258
0.9678918123245239
0.9685124158859253
0.9306561350822449
0.9413365721702576
0.941336452960968
0.939403235912323
0.9644705653190613
0.9689232707023621
0.9727254509925842
0.9436394572257996
0.9386070370674133
0.9448384642601013
0.945980429649353
0.9456135630607605
0.9340432286262512
0.9213939905166626
0.9037343859672546
0.8652684092521667
0.86295485496521
0.8306213021278381
0.8051062822341919
0.7799031138420105
0.763001561164856
0.774050235748291
0.7540243864059448
0.7246794104576111
0.698258101940155
0.6608856320381165
0.6466771960258484
0.616700291633606
0.6024454832077026
0.643425703048706
0.6150412559509277
0.5977679491043091
0.5795674324035645
0.5229288339614868
0.4850711524486542
0.5119666457176208
0.5101997256278992
0.5212562084197998
0.5061658024787903
0.4497602581977844
0.48467427492141724
0.4848412573337555
0.5329430103302002
0.5950320363044739
0.5850204229354858
0.6068588495254517
0.7452145218849182
0.6936479806900024
0.7581327557563782
0.7665063142776489
0.8068119883537292
0.8265044689178467
0.849124014377594
0.8371093273162842
0.8612081408500671
0.8766674399375916
0.9134854674339294
0.9306356310844421
0.9306353330612183
0.994055449962616
1.0
1.0
1.0
1.0
1.0
1.0
1.0
1.0
1.0
1.0
1.0
0.9980820417404175
1.0
1.0
1.0
1.0
1.0
1.0
1.0
0.9719025492668152
0.9301286935806274
0.9476862549781799
0.9231568574905396
0.9428872466087341
0.9651366472244263
0.973223865032196
0.9865921139717102
0.965368926525116
0.9809824824333191
1.0
1.0
1.0
0.9934011101722717
0.9814640283584595
0.978928804397583
0.9662432670593262
0.9370471835136414
0.9099984169006348
0.9054293632507324
0.8847622275352478
0.8382456302642822
0.8387282490730286
0.8545728921890259
0.8284739255905151
0.8250445127487183
0.8238792419433594
0.819901168346405
0.7882803678512573
0.7748427391052246
0.726481020450592
0.7813815474510193
0.7813811302185059
0.7365473508834839
0.6848474144935608
0.6499927043914795
0.7208498120307922
0.7534016370773315
0.7403438687324524
0.7207821607589722
0.7712570428848267
0.7129035592079163
0.6819104552268982
0.7027891278266907
0.678343653678894
0.6946178078651428
0.6541652083396912
0.6901761293411255
0.6783965229988098
0.6769444942474365
0.7007325291633606
0.7056377530097961
0.7044501304626465
0.7027832269668579
0.7072609663009644
0.6877570748329163
0.6654090285301208
0.6723927855491638
0.691724419593811
0.6836028695106506
0.6654804944992065
0.6828857064247131
0.67466801404953
0.6847886443138123
0.7035068273544312
0.7642658352851868
0.7827783226966858
0.8145342469215393
0.8310440182685852
0.8577442765235901
0.8588664531707764
0.8981372117996216
0.9280645251274109
0.9338765144348145
1.0
1.0
1.0
1.0
1.0
0.9963433742523193
0.9905145168304443
0.9992693662643433
0.9851202368736267
0.9614121317863464
0.9614120125770569
0.9364339113235474
0.9266022443771362
0.9398168325424194
0.9539692401885986
0.9475083351135254
0.9526519179344177
0.9461092948913574
0.9450109004974365
0.9371350407600403
0.8925514817237854
0.8866114616394043
0.867206335067749
0.8494237661361694
0.8355888724327087
0.8199218511581421
0.8118332624435425
0.7862573266029358
0.7845903038978577
0.7336689829826355
0.715366005897522
0.6786375641822815
0.7383047938346863
0.7177419662475586
0.6992753148078918
0.6528125405311584
0.6227539777755737
0.6749961376190186
0.6098349094390869
0.5943518877029419
0.5693851113319397
0.6098162531852722
0.5982020497322083
0.6263631582260132
0.7413055896759033
0.7175614833831787
0.7575055360794067
0.7590330839157104
0.7761068940162659
0.7727134227752686
0.7690574526786804
0.8022183179855347
0.7937611937522888
0.7934259176254272
0.8038514852523804
0.8589163422584534
0.9487343430519104
0.9724751710891724
1.0
1.0
0.9765983819961548
1.0
1.0
1.0
1.0
1.0
1.0
1.0
1.0
1.0
0.9971684813499451
0.9954147934913635
1.0
1.0
1.0
1.0
0.983432948589325
1.0
1.0
1.0
1.0
1.0
1.0
0.9456031918525696
0.9401642084121704
0.914067268371582
0.9023475050926208
0.8838616013526917
0.9059131741523743
0.8683969974517822
0.8667075037956238
0.8635989427566528
0.8436649441719055
0.8256471157073975
0.7778459191322327
0.7679353356361389
0.8193899989128113
0.8088642954826355
0.780860960483551
0.751126229763031
0.7039691209793091
0.6999791264533997
0.7786223888397217
0.7596623301506042
0.7180889844894409
0.7214380502700806
0.7050902843475342
0.6635475158691406
0.6181744933128357
0.6539185047149658
0.6116702556610107
0.585195779800415
0.6194697618484497
0.5966159105300903
0.5534275770187378
0.5601724982261658
0.44846001267433167
0.4197429418563843
0.3688162565231323
0.36354437470436096
0.3628343641757965
0.3628312647342682
0.3339153826236725
0.3672669529914856
0.366117924451828
0.4128136932849884
0.4255395233631134
0.4339469373226166
0.4455810487270355
0.5462169647216797
0.6556761860847473
0.6985068321228027
0.7134919166564941
0.7627245783805847
0.915162980556488
0.9602986574172974
0.9599695205688477
0.9671330451965332
0.9313063621520996
0.9801046848297119
1.0
1.0
1.0
1.0
1.0
1.0
1.0
1.0
1.0
1.0
1.0
1.0
1.0
1.0
1.0
1.0
1.0
0.9890742897987366
1.0
1.0
0.9975163340568542
1.0
1.0
1.0
1.0
0.9625471830368042
0.9393620491027832
0.9451194405555725
0.9536911249160767
0.9366510510444641
0.8673708438873291
0.8508498668670654
0.8439075350761414
0.8101377487182617
0.7767335176467896
0.7516008615493774
0.7516882419586182
0.7252190113067627
0.7426401972770691
0.7426396608352661
0.721037745475769
0.696192741394043
0.7519980072975159
0.7372007966041565
0.6992914080619812
0.6844056248664856
0.6687217354774475
0.6569397449493408
0.6463088393211365
0.7028697729110718
0.6592037677764893
0.5810787081718445
0.5347344279289246
0.5231638550758362
0.47067680954933167
0.5209131240844727
0.44858816266059875
0.4115864634513855
0.41158413887023926
0.3825679123401642
0.3609426021575928
0.37408435344696045
0.41830188035964966
0.419164776802063
0.44706419110298157
0.513562798500061
0.5129778385162354
0.5082293748855591
0.511806070804596
0.5845048427581787
0.6426319479942322
0.6647258996963501
0.7110384106636047
0.7902989983558655
0.8128612041473389
0.8036635518074036
0.8298636078834534
0.8298628330230713
0.8431655168533325
0.8856900334358215
0.968712329864502
1.0
1.0
1.0
1.0
1.0
1.0
0.9523719549179077
1.0
1.0
0.9633545875549316
1.0
1.0
1.0
1.0
0.992829442024231
0.9865368604660034
0.9865369200706482
0.9835566878318787
1.0
1.0
1.0
1.0
0.9900559782981873
0.969661295413971
0.9736911654472351
0.9738411903381348
0.9733209013938904
0.9810012578964233
0.9806906580924988
0.948180079460144
0.938162088394165
0.918238639831543
0.9041739106178284
0.8901271820068359
0.8844882249832153
0.8866165280342102
0.8768442869186401
0.8548161387443542
0.8313414454460144
0.8003617525100708
0.7838512063026428
0.7662025094032288
0.7571666240692139
0.7450693249702454
0.7293172478675842
0.7331439256668091
0.6736010909080505
0.6394327878952026
0.6228520274162292
0.6045804023742676
0.6469489932060242
0.6588818430900574
0.7529141902923584
0.7529134750366211
0.755155086517334
0.7336105108261108
0.7337848544120789
0.6974974870681763
0.6806356906890869
0.7197241187095642
0.7331241369247437
0.7248298525810242
0.7356756925582886
0.7384384870529175
0.7722719311714172
0.7808393836021423
0.756044864654541
0.752274215221405
0.7695437669754028
0.8253886699676514
0.8652455806732178
0.8707543015480042
0.9039343595504761
0.9429008960723877
0.9467064142227173
0.945680558681488
0.958196222782135
0.979736328125
0.9926444888114929
1.0
1.0
1.0
1.0
0.9759986400604248
0.9863098859786987
1.0
1.0
1.0
0.9928394556045532
0.995926558971405
1.0
0.9811476469039917
0.9667877554893494
0.9703301787376404
0.9872577786445618
1.0
0.9884215593338013
0.982934832572937
0.94260573387146
0.9344817399978638
0.9203007221221924
0.9166086912155151
0.9266394972801208
0.9712955951690674
0.9670576453208923
0.9401595592498779
0.955083429813385
0.9266803860664368
0.9197929501533508
0.8739668130874634
0.8556915521621704
0.8207603096961975
0.7836499214172363
0.7807506322860718
0.7889660596847534
0.7895459532737732
0.7649296522140503
0.7523245215415955
0.747535765171051
0.7215049266815186
0.7144061923027039
0.6912199258804321
0.6565438508987427
0.7432931661605835
0.7184705138206482
0.6855303049087524
0.6487919092178345
0.6558969616889954
0.6158306002616882
0.6158294677734375
0.5932748317718506
0.5904698967933655
0.6170486807823181
0.6083988547325134
0.563271164894104
0.522287905216217
0.5698980093002319
0.6016718745231628
0.6142293214797974
0.6474629044532776
0.68133944272995
0.7267290353775024
0.7140344977378845
0.6871197819709778
0.6593899726867676
0.6741217970848083
0.701677680015564
0.6934647560119629
0.7097091674804688
0.7097082734107971
0.7386090159416199
0.7494801878929138
0.7740386128425598
0.7691037058830261
0.7644015550613403
0.7640162110328674
0.7994312644004822
0.8369085192680359
0.8132103681564331
0.8421955108642578
0.8793533444404602
0.9072152972221375
0.9383915066719055
0.9341821074485779
0.9479801058769226
1.0
1.0
1.0
0.9947567582130432
0.994756817817688
1.0
1.0
1.0
0.9902153611183167
1.0
1.0
1.0
1.0
0.9789924621582031
1.0
0.989277184009552
0.9679164290428162
0.9702141284942627
0.9434911608695984
0.9147006869316101
0.9340026378631592
0.9256268739700317
0.9389942288398743
0.9398798942565918
0.9398797154426575
0.9362294673919678
0.9114291071891785
0.8997361063957214
0.8762583136558533
0.8720576763153076
0.8459393382072449
0.8443366289138794
0.8183785676956177
0.784744381904602
0.7763870358467102
0.7653512358665466
0.755731999874115
0.7427966594696045
0.7441815137863159
0.7339524626731873
0.7069725394248962
0.6405221819877625
0.6831232309341431
0.670693576335907
0.6618165969848633
0.6553919315338135
0.6062563061714172
0.6362220644950867
0.5514140725135803
0.51762855052948
0.530744731426239
0.533896267414093
0.5501154661178589
0.5469416975975037
0.5545219779014587
0.5388673543930054
0.5668092370033264
0.6716620326042175
0.7668325304985046
0.9460561871528625
0.9760293960571289
1.0
0.9797571897506714
0.9735943078994751
1.0
0.9981225728988647
1.0
1.0
1.0
1.0
1.0
1.0
1.0
0.990487813949585
1.0
1.0
0.9835211634635925
1.0
1.0
1.0
1.0
1.0
1.0
1.0
1.0
1.0
1.0
1.0
1.0
1.0
0.9954067468643188
0.9851127862930298
0.9751194715499878
0.964087188243866
0.9563184380531311
0.966247022151947
0.9674848318099976
0.9335305094718933
0.8529366850852966
0.779593825340271
0.830446183681488
0.8238980174064636
0.8167464733123779
0.7946266531944275
0.7855452299118042
0.7765985131263733
0.7629613280296326
0.7604371905326843
0.7566807866096497
0.8318268060684204
0.8170347213745117
0.8101086616516113
0.8015186190605164
0.7556957602500916
0.7193096280097961
0.7859821915626526
0.7873907685279846
0.746681809425354
0.7328631281852722
0.7258487343788147
0.680435061454773
0.7201113104820251
0.6382981538772583
0.6587420701980591
0.6341671347618103
0.5398846864700317
0.5148617625236511
0.5888504981994629
0.5980298519134521
0.5802304744720459
0.5235219597816467
0.5105764269828796
0.5407467484474182
0.6038100123405457
0.6038086414337158
0.7475834488868713
0.8033245801925659
0.8462828397750854
0.835889995098114
0.8233383297920227
0.8932236433029175
0.930510401725769
0.9387384653091431
0.9850226044654846
1.0
1.0
0.9861419796943665
0.9756120443344116
1.0
1.0
1.0
0.9941100478172302
1.0
1.0
1.0
1.0
1.0
1.0
1.0
0.9994127154350281
0.9882878065109253
1.0
1.0
1.0
1.0
1.0
1.0
1.0
1.0
1.0
0.9752205014228821
0.9441136717796326
0.919147789478302
0.9021338820457458
0.881020188331604
0.8912006616592407
0.8705808520317078
0.8489007353782654
0.845708966255188
0.8270963430404663
0.8008973002433777
0.8966168165206909
0.8751516342163086
0.8786128163337708
0.8683931827545166
0.8278746008872986
0.8241912126541138
0.8141175508499146
0.8094845414161682
0.8644027709960938
0.8307757377624512
0.8175222277641296
0.7953928112983704
0.7625720500946045
0.7759475111961365
0.7329378128051758
0.7478786706924438
0.6883026957511902
0.9396323561668396
0.9367523193359375
0.9455034732818604
0.9060654044151306
0.8440346121788025
0.9063475131988525
0.9289067387580872
0.9492551684379578
0.9391998052597046
0.9234181046485901
0.9239217042922974
0.9610633254051208
0.9629928469657898
0.928473174571991
0.8619015216827393
0.9425069689750671
0.9010123610496521
0.9533194899559021
0.9393236637115479
0.9429174661636353
0.9041276574134827
0.8562616109848022
0.901404857635498
0.905331015586853
0.874508798122406
0.9599524140357971
0.9836738705635071
0.9746317267417908
0.9504069089889526
0.8749673366546631
0.9227665066719055
0.9749882221221924
0.9585010409355164
0.9591094255447388
1.0
0.8844911456108093
0.9054610133171082
0.9661163091659546
0.9967833757400513
0.9838483333587646
0.9636752605438232
0.9753050208091736
0.9528555870056152
0.9216868877410889
0.9216867685317993
0.9137885570526123
1.0
0.9751777052879333
0.9383142590522766
0.9619594216346741
0.939652681350708
0.899259626865387
0.8610504865646362
0.8988015055656433
0.9211459159851074
0.9848319292068481
0.9403576850891113
0.9072913527488708
0.9055944085121155
0.8561129570007324
0.9820834398269653
0.9955638647079468
1.0
1.0
1.0
1.0
0.998694896697998
0.9634922742843628
0.9624717235565186
0.8981775641441345
0.9952022433280945
0.9270906448364258
0.983779788017273
0.9843978881835938
0.9531998634338379
0.9661099910736084
0.9916021823883057
0.9668735861778259
0.9306193590164185
0.9394802451133728
1.0
1.0
0.9613593816757202
1.0
1.0
0.9673399925231934
1.0
0.9975528717041016
0.9377209544181824
0.9891954660415649
0.9091020226478577
0.9531329274177551
0.9335339665412903
0.9150996208190918
0.9565197229385376
0.9295507073402405
0.9173022508621216
0.9017676711082458
0.8773587346076965
0.8890501260757446
0.9567077159881592
0.9454540610313416
0.909152626991272
0.9625945687294006
0.893370509147644
0.9004070162773132
0.9117068648338318
0.8921043872833252
0.8353971242904663
0.9323650598526001
0.8886201977729797
0.948189377784729
0.9294829368591309
0.9338624477386475
0.9214484691619873
0.8176660537719727
0.7479380965232849
0.8076935410499573
0.8297207355499268
0.8864888548851013
1.0
1.0
1.0
0.9573226571083069
0.9635989665985107
0.9284865856170654
0.8588366508483887
0.8490540385246277
0.8417633771896362
0.8550129532814026
1.0
0.9875822067260742
1.0
1.0
0.9460608959197998
0.8549172878265381
0.9137605428695679
0.9013968110084534
1.0
0.9430606961250305
0.8262749910354614
0.9119732975959778
0.9105346202850342
0.9065933227539062
0.8509141206741333
1.0
1.0
0.9639611840248108
0.9994894862174988
0.9885671138763428
