0.7760652899742126
0.8145094513893127
0.8177763819694519
0.8106642961502075
0.8260294795036316
0.8596567511558533
0.8509925007820129
0.923637330532074
0.9379382133483887
0.9110990762710571
0.8891546726226807
0.8938489556312561
0.883370578289032
0.8712674975395203
0.8712670803070068
0.9020127058029175
0.8506360650062561
0.8768176436424255
0.9093636274337769
0.8774145841598511
0.8621324300765991
0.8538661003112793
0.894314706325531
0.8775812387466431
0.8910293579101562
0.8839850425720215
0.8554768562316895
0.8678785562515259
0.8527963161468506
0.8519375324249268
0.8143872618675232
0.7157844305038452
0.6753841638565063
0.6627220511436462
0.6328803896903992
0.6266460418701172
0.5978516936302185
0.6105954051017761
0.5506301522254944
0.5527341961860657
0.5091347694396973
0.49572715163230896
0.4940883219242096
0.45909804105758667
0.4647192060947418
0.45618006587028503
0.4461977779865265
0.43385204672813416
0.45540332794189453
0.45935696363449097
0.43109044432640076
0.3993864059448242
0.38642358779907227
0.36838066577911377
0.368673175573349
0.46788933873176575
0.5074462890625
0.7173748016357422
0.8189984560012817
0.8510184288024902
1.0
1.0
1.0
1.0
1.0
1.0
1.0
1.0
1.0
1.0
0.9969773888587952
1.0
1.0
1.0
1.0
0.9780949950218201
0.9911452531814575
0.9964813590049744
1.0
1.0
1.0
1.0
0.9808871150016785
1.0
0.9996649622917175
0.995533287525177
0.9880839586257935
0.9766654372215271
0.9692846536636353
0.941475510597229
0.9222086071968079
0.7988408207893372
0.7327060699462891
0.7189590334892273
0.7297874093055725
0.6892391443252563
0.6118267774581909
0.5681950449943542
0.6005343198776245
0.577643871307373
0.5312336087226868
0.519879937171936
0.473665326833725
0.5053893327713013
0.46264609694480896
0.43807220458984375
0.43462976813316345
0.46144744753837585
0.584604799747467
0.5388469099998474
0.5388449430465698
0.5164119005203247
0.5222331881523132
0.5597127079963684
0.9565433263778687
0.9701627492904663
1.0
1.0
1.0
1.0
1.0
1.0
1.0
1.0
0.9838898181915283
1.0
0.9689602851867676
0.9702920317649841
1.0
1.0
1.0
1.0
1.0
1.0
0.9566904902458191
0.9619969129562378
0.9746649265289307
0.9906104207038879
0.9878440499305725
0.9854937195777893
1.0
0.9370999336242676
0.8941754698753357
0.8841097354888916
0.8279062509536743
0.8068671226501465
0.7862755060195923
0.7553261518478394
0.6786807179450989
0.6490702629089355
0.7137265205383301
0.6232812404632568
0.5500729084014893
0.5552951097488403
0.5012125968933105
0.5431703329086304
0.4637409746646881
0.4178251624107361
0.4784170091152191
0.46159252524375916
0.4745921790599823
0.502350389957428
0.7094385623931885
0.8185251355171204
0.8960472941398621
0.9419013857841492
1.0
1.0
1.0
1.0
1.0
1.0
1.0
1.0
1.0
1.0
0.9831942319869995
1.0
1.0
1.0
1.0
1.0
0.9801670908927917
1.0
0.9697476625442505
1.0
0.992592453956604
1.0
0.9872552752494812
0.9992257356643677
1.0
1.0
0.9448271989822388
0.923164427280426
0.90488600730896
0.8625671863555908
0.7786391973495483
0.7128368020057678
0.7598376274108887
0.666725218296051
0.6538613438606262
0.7004691362380981
0.6464778184890747
0.6657211184501648
0.6451115012168884
0.5835391879081726
0.5761719346046448
0.6107814311981201
0.6107801795005798
0.5506168007850647
0.5055361986160278
0.4746881127357483
0.4993458390235901
0.45192646980285645
0.40494444966316223
0.39898616075515747
0.3704557716846466
0.3240116834640503
0.3299604654312134
0.3183140158653259
0.3162236511707306
0.40178751945495605
0.6369467973709106
1.0
1.0
0.9862743020057678
1.0
1.0
1.0
0.9797459244728088
1.0
1.0
1.0
1.0
1.0
1.0
1.0
1.0
1.0
1.0
1.0
1.0
1.0
1.0
1.0
1.0
1.0
1.0
1.0
1.0
1.0
1.0
1.0
0.9500266909599304
0.9191805720329285
0.8429421186447144
0.8429418802261353
0.8429417014122009
0.8620254993438721
0.8543012142181396
0.805779218673706
0.7837693095207214
0.8199608325958252
0.8229635953903198
0.815379798412323
0.769031822681427
0.7567632794380188
0.766764223575592
0.7538107633590698
0.7306050658226013
0.6796796917915344
0.6976775527000427
0.6665850281715393
0.7098142504692078
0.7280660271644592
0.6666057109832764
0.6403495669364929
0.6068952083587646
0.5841019153594971
0.6065657138824463
0.5839564800262451
0.6236865520477295
0.5820916295051575
0.5616732239723206
0.5336093902587891
0.5816124081611633
0.5136715769767761
0.5191836953163147
0.43832266330718994
0.4250020980834961
0.37837162613868713
0.3508913218975067
0.33876141905784607
0.27304351329803467
0.2659713625907898
0.23960107564926147
0.212580606341362
0.19658857583999634
0.1550707072019577
0.2154284566640854
0.32002076506614685
0.37900176644325256
0.6481123566627502
0.8341097235679626
1.0
1.0
0.9855685234069824
0.9729504585266113
1.0
1.0
1.0
0.977612316608429
1.0
1.0
1.0
1.0
1.0
1.0
1.0
1.0
1.0
1.0
1.0
1.0
1.0
1.0
1.0
1.0
1.0
1.0
1.0
0.9891436100006104
0.9591175317764282
0.9380814433097839
0.9100049138069153
0.8467212915420532
0.7599766850471497
0.7471246719360352
0.7917661666870117
0.7742044925689697
0.7336075901985168
0.6963223814964294
0.6892054677009583
0.7423760890960693
0.6989945769309998
0.6940727233886719
0.6160200834274292
0.6487677693367004
0.5639832019805908
0.524851381778717
0.5327997803688049
0.510747492313385
0.45583203434944153
0.4543781876564026
0.45437607169151306
0.4359692633152008
0.4134179949760437
0.3086729049682617
0.2845921814441681
0.2912830114364624
0.2613362669944763
0.3603571355342865
0.4015696048736572
0.3789808452129364
0.4971507489681244
0.6012511253356934
0.6523990035057068
0.7264363765716553
0.9252581000328064
0.9965240955352783
1.0
0.9539511799812317
0.960750162601471
1.0
1.0
1.0
1.0
1.0
1.0
1.0
1.0
1.0
1.0
0.9914584755897522
1.0
1.0
1.0
1.0
1.0
1.0
1.0
1.0
0.9923914074897766
1.0
0.995668351650238
0.9968735575675964
0.9495922923088074
0.9160195589065552
0.8718077540397644
0.8556662797927856
0.8564444184303284
0.7820978164672852
0.7525595426559448
0.7367786765098572
0.7367780804634094
0.6930980682373047
0.6601387858390808
0.7010177969932556
0.7095730304718018
0.6895753741264343
0.674055278301239
0.6358518004417419
0.6446569561958313
0.6656256318092346
0.5746987462043762
0.5837557911872864
0.5206747651100159
0.5426114797592163
0.5119688510894775
0.4966399669647217
0.45486047863960266
0.44297903776168823
0.39100146293640137
0.43504437804222107
0.4460417330265045
0.401439905166626
0.32939741015434265
0.29816222190856934
0.33279934525489807
0.31077730655670166
0.24047861993312836
0.2848639190196991
0.33657723665237427
0.40383175015449524
0.5142968893051147
0.7479166984558105
0.8405138254165649
0.8873534202575684
1.0
1.0
1.0
1.0
1.0
1.0
1.0
1.0
1.0
1.0
0.9718430638313293
1.0
1.0
1.0
1.0
1.0
1.0
1.0
1.0
1.0
0.9702635407447815
0.9977189302444458
1.0
0.992865800857544
1.0
1.0
0.9783585667610168
0.975661039352417
0.9447044730186462
0.883740246295929
0.8620160222053528
0.7844629287719727
0.7528421878814697
0.7480764985084534
0.7224531769752502
0.6833041906356812
0.6755408048629761
0.6875643134117126
0.7369354963302612
0.716504693031311
0.6410601139068604
0.710160493850708
0.6597805023193359
0.6169237494468689
0.6145831346511841
0.6513521075248718
0.6144803166389465
0.5845560431480408
0.5885342955589294
0.6400233507156372
0.6597134470939636
0.604789137840271
0.6032193899154663
0.5260931849479675
0.5271764993667603
0.5900114178657532
0.5850530862808228
0.5375102758407593
0.5415356755256653
0.5361076593399048
0.511087954044342
0.5786689519882202
0.5992528200149536
0.5661779046058655
0.5566849708557129
0.6455289125442505
0.6482040882110596
0.6591292023658752
0.6734639406204224
0.6948396563529968
0.8382025361061096
0.930195689201355
0.9624850153923035
1.0
1.0
0.9878492951393127
1.0
0.972072958946228
0.9747922420501709
1.0
0.9977282881736755
1.0
0.9993149042129517
1.0
1.0
1.0
1.0
1.0
1.0
1.0
1.0
0.9939095377922058
0.9908292889595032
1.0
0.9876947999000549
0.9769402146339417
0.9159336686134338
0.8551120758056641
0.8551117777824402
0.8435764312744141
0.8516054749488831
0.8231371641159058
0.7593820691108704
0.6969068050384521
0.6931877732276917
0.7228421568870544
0.6658638119697571
0.6324365735054016
0.6726208329200745
0.6411240100860596
0.637475848197937
0.5988432765007019
0.5726023316383362
0.5929977297782898
0.5429916977882385
0.6175534725189209
0.5829989910125732
0.49196913838386536
0.4989721477031708
0.47562170028686523
0.424417108297348
0.4037869870662689
0.4587145149707794
0.7908017635345459
0.7560873031616211
0.922545313835144
0.9910156726837158
1.0
1.0
1.0
1.0
0.991059422492981
1.0
1.0
1.0
1.0
1.0
1.0
1.0
1.0
1.0
1.0
1.0
1.0
1.0
1.0
1.0
1.0
0.9872325658798218
1.0
1.0
1.0
0.9929149150848389
1.0
0.9983875751495361
1.0
0.983799159526825
1.0
1.0
0.9779313206672668
0.9737634658813477
0.9383798241615295
0.8389430642127991
0.7995010614395142
0.8105656504631042
0.7794435620307922
0.7623594999313354
0.8128346800804138
0.7632314562797546
0.7226999998092651
0.7226994633674622
0.7226989269256592
0.7099867463111877
0.7563028335571289
0.728829562664032
0.6915308237075806
0.7236177921295166
0.6301855444908142
0.6009691953659058
0.568824291229248
0.5518523454666138
0.6003337502479553
0.6466708779335022
0.6973857879638672
0.7762934565544128
0.8720740675926208
0.8512262105941772
0.8949337005615234
0.8583333492279053
0.9377167820930481
1.0
1.0
1.0
1.0
1.0
1.0
1.0
1.0
1.0
1.0
1.0
1.0
1.0
0.999676525592804
1.0
1.0
1.0
1.0
0.9937976002693176
1.0
0.9850362539291382
1.0
0.9692349433898926
0.9948788285255432
0.9907150268554688
0.9918320775032043
0.9651100635528564
0.9596672058105469
0.9335572123527527
0.931320309638977
0.8459662795066833
0.7643611431121826
0.6916638016700745
0.7435979247093201
0.723523736000061
0.7187585830688477
0.7228844165802002
0.7249689698219299
0.7249683737754822
0.6885585784912109
0.6406462788581848
0.6169567704200745
0.5989799499511719
0.6196109056472778
0.5455706715583801
0.5939658880233765
0.504676342010498
0.4649061858654022
0.5039846897125244
0.5395333170890808
0.5934174656867981
0.6260094046592712
0.7226298451423645
0.7985086441040039
0.7929781675338745
0.8344168066978455
0.9007254838943481
0.9007251262664795
0.9170613288879395
0.8863500952720642
0.8950332999229431
0.9820685982704163
0.9964533448219299
1.0
1.0
1.0
1.0
1.0
1.0
1.0
1.0
0.9879783987998962
1.0
1.0
1.0
1.0
1.0
1.0
1.0
1.0
1.0
0.9477548003196716
0.9974755048751831
0.9731947779655457
0.9857797026634216
0.9777743220329285
0.9842231869697571
1.0
0.9989237189292908
0.9768947958946228
0.9607351422309875
0.9224327206611633
0.8535193800926208
0.8286276459693909
0.8013662099838257
0.7978792190551758
0.763229250907898
0.7309660911560059
0.715850830078125
0.7687531113624573
0.7557522654533386
0.7388277649879456
0.723896324634552
0.6536248922348022
0.6792209148406982
0.6393612027168274
0.6130070686340332
0.6361336708068848
0.5842190384864807
0.5589070916175842
0.57295161485672
0.6121326684951782
0.6265497803688049
0.625754177570343
0.6760306358337402
0.6760297417640686
0.6913313865661621
0.6484450697898865
0.7182778120040894
0.7361202239990234
0.77870112657547
0.7888439893722534
0.8071140646934509
0.8345118761062622
0.8719236850738525
0.9188120365142822
0.9106346964836121
0.9177960157394409
0.9873707890510559
1.0
1.0
1.0
1.0
1.0
1.0
0.950614869594574
0.9885663986206055
0.9891067147254944
1.0
0.9875065088272095
1.0
0.9776225090026855
1.0
0.9783615469932556
0.9881647229194641
1.0
0.993039071559906
0.994766354560852
0.9630656838417053
0.9509919881820679
0.877870500087738
0.8504972457885742
0.8511468768119812
0.8093901872634888
0.7887235879898071
0.7719597816467285
0.7582449316978455
0.6967003345489502
0.6987274289131165
0.6419851779937744
0.6504124999046326
0.6785820722579956
0.6742772459983826
0.6337611675262451
0.6163018345832825
0.6609886288642883
0.6334689259529114
0.62806636095047
0.5558957457542419
0.5237763524055481
0.5546842813491821
0.535396933555603
0.4817182123661041
0.5302784442901611
0.5541635751724243
0.5750950574874878
0.6616433262825012
0.686167299747467
0.763759970664978
0.7671096920967102
0.787747859954834
0.7877423763275146
0.8155555129051208
0.9889466762542725
1.0
1.0
1.0
1.0
1.0
0.9832271933555603
0.9765788316726685
0.9765788912773132
1.0
0.9940372705459595
1.0
1.0
1.0
1.0
0.977324903011322
1.0
1.0
1.0
0.9856653809547424
0.9977460503578186
0.9866592288017273
0.9865988492965698
0.9895622134208679
1.0
1.0
1.0
1.0
1.0
0.9985557198524475
0.9769765138626099
0.927409291267395
0.9128714799880981
0.8630316257476807
0.7993501424789429
0.7205712199211121
0.7155722379684448
0.7105004787445068
0.7088025212287903
0.7372127771377563
0.7521470189094543
0.6892585754394531
0.6641522645950317
0.6589173674583435
0.6277526021003723
0.6032895445823669
0.5870127081871033
0.5710222721099854
0.5902575850486755
0.5784044861793518
0.5570858120918274
0.537092387676239
0.569398820400238
0.5491917729377747
0.5996646285057068
0.6611493229866028
0.6086441874504089
0.5874615907669067
0.6077837944030762
0.5949254631996155
0.6029032468795776
0.6518471240997314
0.7147954106330872
0.7334499955177307
0.8274688720703125
0.82746821641922
0.9330990314483643
0.9720163941383362
0.9749699831008911
1.0
1.0
1.0
1.0
1.0
1.0
0.996383011341095
0.9771067500114441
1.0
0.9650915265083313
0.9983188509941101
0.9994287490844727
1.0
0.9995118975639343
1.0
0.9947035312652588
1.0
0.9960280060768127
1.0
1.0
1.0
0.9753769636154175
0.9494044780731201
0.9595448970794678
0.9118288159370422
0.8281276226043701
0.8137576580047607
0.8170061707496643
0.7895745635032654
0.7580981850624084
0.734281063079834
0.6846269369125366
0.664306104183197
0.652030885219574
0.6520301699638367
0.7117999196052551
0.6080595254898071
0.6510632038116455
0.6357715129852295
0.5980968475341797
0.5425055623054504
0.5541103482246399
0.5331420302391052
0.5341456532478333
0.542386531829834
0.5434712171554565
0.6025139689445496
0.616943895816803
0.6246391534805298
0.6803972721099854
0.6743032336235046
0.6671642661094666
0.7122051119804382
0.7122040390968323
0.7463276982307434
0.7987290024757385
0.8215386271476746
0.9246311783790588
0.987615168094635
1.0
1.0
0.9663810133934021
1.0
1.0
0.9726710319519043
0.9958165287971497
1.0
1.0
1.0
1.0
0.9846912622451782
0.9754957556724548
0.9826633930206299
1.0
1.0
0.9985050559043884
1.0
1.0
1.0
1.0
0.9868184924125671
0.9819765090942383
0.9453350305557251
0.9104591012001038
0.9061099290847778
0.8590680360794067
0.8501188158988953
0.8119244575500488
0.8090100884437561
0.7558191418647766
0.751251220703125
0.751250684261322
0.7102863788604736
0.6914696097373962
0.7578941583633423
0.7474952340126038
0.6679153442382812
0.6984701156616211
0.6132338643074036
0.652845561504364
0.6122778058052063
0.5708799362182617
0.5584242939949036
0.5284398794174194
0.5887292623519897
0.5490856170654297
0.5230262279510498
0.47808098793029785
0.47866588830947876
0.502859890460968
0.5028581619262695
0.556293249130249
0.579838752746582
0.5246979594230652
0.5560123324394226
0.6377504467964172
0.7298647165298462
0.6509351134300232
0.6947482228279114
0.7426720261573792
0.9270204901695251
0.9238716959953308
0.9507639408111572
1.0
1.0
1.0
1.0
1.0
1.0
1.0
1.0
0.9973564743995667
1.0
1.0
1.0
1.0
1.0
0.9908064007759094
1.0
1.0
0.9964249730110168
1.0
1.0
0.9734585285186768
0.9668521285057068
0.9781584143638611
0.9909257888793945
0.9193882346153259
0.8808614611625671
0.8607788681983948
0.8417810797691345
0.7938133478164673
0.8128290176391602
0.7757888436317444
0.7794330716133118
0.7447569966316223
0.7712205052375793
0.7637080550193787
0.6815832257270813
0.6991111040115356
0.657446563243866
0.6722714900970459
0.6240174770355225
0.6804378628730774
0.6486942172050476
0.6073433756828308
0.5996582508087158
0.5916374325752258
0.6192474961280823
0.5896317958831787
0.5830814242362976
0.5567469596862793
0.5441559553146362
0.48244038224220276
0.5259593725204468
0.5266533493995667
0.4601549208164215
0.401777982711792
0.4032444953918457
0.39849573373794556
0.4018222689628601
0.47105321288108826
0.508338987827301
0.6289663910865784
0.6772783398628235
0.6607276201248169
0.6664575338363647
0.7069364786148071
0.7646260261535645
0.8472339510917664
0.9126525521278381
1.0
1.0
1.0
1.0
1.0
1.0
1.0
0.9733618497848511
0.97858065366745
1.0
0.995717465877533
1.0
1.0
1.0
1.0
0.998205840587616
1.0
1.0
1.0
1.0
1.0
1.0
0.9913381934165955
1.0
0.9692584872245789
0.9195361137390137
0.9014436602592468
0.8796831965446472
0.8809381723403931
0.862019956111908
0.8562487363815308
0.8542760014533997
0.7997722029685974
0.77386474609375
0.7217881083488464
0.7200994491577148
0.704159677028656
0.7041590809822083
0.6726635694503784
0.7123857736587524
0.6561832427978516
0.6647080779075623
0.6527197360992432
0.6428882479667664
0.7036667466163635
0.700577974319458
0.7161467671394348
0.7097529768943787
0.7299380898475647
0.7409237623214722
0.7570188045501709
0.7295694351196289
0.7617151141166687
0.7732318043708801
0.770888090133667
0.796342134475708
0.8411741256713867
0.8278077244758606
0.8756081461906433
0.9555842280387878
1.0
1.0
1.0
1.0
1.0
1.0
1.0
1.0
1.0
1.0
0.9987432360649109
0.988717794418335
1.0
1.0
0.9877408742904663
0.9512368440628052
0.9571249485015869
0.9547710418701172
0.9420753121376038
0.9434435963630676
0.8985586166381836
0.8544315695762634
0.8219494819641113
0.7941672801971436
0.7531272768974304
0.6876435279846191
0.7676742672920227
0.7380756139755249
0.6968159675598145
0.6695897579193115
0.6567659378051758
0.7163564562797546
0.6618262529373169
0.6020938158035278
0.6209237575531006
0.5826374888420105
0.6113622188568115
0.5940432548522949
0.5735241174697876
0.6004551649093628
0.6585521101951599
0.6246307492256165
0.5247216820716858
0.5973557829856873
0.5523792505264282
0.5135824084281921
0.5472245216369629
0.6577292084693909
0.6584985852241516
0.7410674691200256
0.9139013886451721
0.9739512205123901
0.9763645529747009
1.0
1.0
1.0
1.0
1.0
0.9938388466835022
1.0
1.0
1.0
1.0
1.0
0.9814773797988892
0.9837333559989929
0.9841970801353455
1.0
1.0
0.9937863945960999
1.0
0.9881938695907593
0.9357278943061829
0.9167256951332092
0.8749963641166687
0.8728243708610535
0.8641905188560486
0.7676064372062683
0.6344097256660461
0.6890847682952881
0.5742360353469849
0.6103978753089905
0.5902200937271118
0.6126458644866943
0.5789443254470825
0.6432008743286133
0.7830759882926941
0.8008565306663513
0.8770660758018494
0.994292676448822
1.0
1.0
1.0
1.0
1.0
1.0
1.0
0.9767407774925232
1.0
1.0
1.0
1.0
1.0
1.0
0.980440080165863
0.9750060439109802
0.9899693131446838
0.9827436804771423
0.9935614466667175
0.965137243270874
0.964590311050415
0.9495582580566406
0.9291349053382874
0.8923060894012451
0.8599264621734619
0.8536565899848938
0.817732572555542
0.7191574573516846
0.7698867321014404
0.72702956199646
0.7264774441719055
0.7553617358207703
0.7106444835662842
0.6458860635757446
0.6776769757270813
0.7007063627243042
0.6686638593673706
0.6542359590530396
0.715179979801178
0.7093855738639832
0.7930614948272705
0.8488975763320923
0.8512265682220459
0.8861795663833618
0.9686774015426636
1.0
0.9827325940132141
0.9894568920135498
0.9959664940834045
1.0
1.0
1.0
1.0
0.9834836721420288
0.9814788103103638
0.9871996641159058
0.9958818554878235
0.9926778674125671
1.0
1.0
0.9889663457870483
1.0
0.9570500254631042
0.8789486885070801
0.8635769486427307
0.8421804308891296
0.7158709764480591
0.706842839717865
0.6434945464134216
0.6541193127632141
0.5890687108039856
0.5351229906082153
0.5939759612083435
0.5641168355941772
0.5616166591644287
0.564315140247345
0.7169520258903503
0.6226547360420227
0.5633323788642883
0.7000905871391296
0.7667850255966187
0.7797643542289734
0.9855245351791382
1.0
1.0
1.0
1.0
1.0
1.0
0.9815087914466858
0.9943143725395203
1.0
0.9966604709625244
0.9899728894233704
1.0
0.9934197068214417
0.9737837910652161
1.0
0.9723399877548218
0.9686259627342224
0.9792680740356445
0.956265389919281
0.9342471957206726
0.9342470169067383
0.905293881893158
0.8501925468444824
0.737053394317627
0.6917263269424438
0.6493539214134216
0.6696982383728027
0.5894516110420227
0.5627623200416565
0.5279251337051392
0.41802823543548584
0.4063626527786255
0.36718255281448364
0.3559114634990692
0.4137237071990967
0.49059543013572693
0.5318235754966736
0.5374429821968079
0.5930285453796387
0.7448974251747131
1.0
1.0
1.0
1.0
1.0
1.0
1.0
1.0
1.0
1.0
1.0
1.0
1.0
1.0
1.0
0.9713066816329956
0.977234423160553
0.9754535555839539
0.9738092422485352
0.9582162499427795
0.912775456905365
0.883446455001831
0.9155077934265137
0.893658459186554
0.8676016330718994
0.8256626725196838
0.7427577972412109
0.6630099415779114
0.6130955219268799
0.6147792935371399
0.5870996117591858
0.5401166081428528
0.5053424835205078
0.4795302450656891
0.4773499369621277
0.4510916769504547
0.45048758387565613
0.5005435943603516
0.4873028099536896
0.487300843000412
0.6042121648788452
0.6219979524612427
0.6648302674293518
0.7129603624343872
0.8288848996162415
0.8492919206619263
0.9287696480751038
0.9928470849990845
0.9889040589332581
0.9872493743896484
1.0
1.0
1.0
1.0
1.0
1.0
0.9693415760993958
0.9654116034507751
0.9851019978523254
0.9967865943908691
1.0
1.0
0.9974138140678406
0.9705410599708557
0.9137340784072876
0.9079585075378418
0.835156261920929
0.8375065326690674
0.7908956408500671
0.772677481174469
0.7656713724136353
0.7656705975532532
0.7683126926422119
0.7036829590797424
0.7105778455734253
0.7552026510238647
0.8086272478103638
0.7195481657981873
0.8270241618156433
0.8141717314720154
0.8298059701919556
0.8176993727684021
0.8430798649787903
0.8572681546211243
0.9596855044364929
1.0
1.0
1.0
0.995090126991272
0.9998523592948914
1.0
0.9983920454978943
0.9815611839294434
0.9864462018013
0.9954127669334412
0.9738832116127014
0.9502724409103394
0.9620128870010376
0.9422167539596558
0.9848832488059998
0.9781335592269897
1.0
0.999131977558136
1.0
0.9691014289855957
0.9240912795066833
0.8417638540267944
0.7676671743392944
0.7180216312408447
0.6242904663085938
0.6046666502952576
0.6096840500831604
0.559352457523346
0.5634200572967529
0.5418862104415894
0.5494563579559326
0.5727032423019409
0.5677723288536072
0.6209929585456848
0.6451297998428345
0.6913482546806335
0.7205775380134583
0.751587450504303
0.8099158406257629
0.876427412033081
1.0
1.0
1.0
1.0
1.0
0.9921916723251343
1.0
1.0
1.0
1.0
1.0
0.9844202995300293
0.9767261147499084
0.9989131689071655
0.9859752058982849
0.9890060424804688
0.9824305772781372
0.9314746260643005
0.9261646270751953
0.9096680879592896
0.8823943138122559
0.882394015789032
0.8642838597297668
0.8525469303131104
0.7885230183601379
0.7592863440513611
0.6826820969581604
0.6446014642715454
0.5888006687164307
0.5811996459960938
0.5699906349182129
0.6150922179222107
0.6307521462440491
0.6375808119773865
0.690656840801239
0.5853627324104309
0.5987975597381592
0.6845360398292542
0.6489575505256653
0.7386143207550049
0.824400007724762
0.9330388903617859
0.9805262088775635
0.9438833594322205
1.0
1.0
1.0
1.0
0.9731680750846863
0.9751476645469666
1.0
0.9854459762573242
1.0
0.9758737683296204
1.0
1.0
1.0
0.9945894479751587
1.0
0.970945417881012
1.0
1.0
1.0
1.0
0.9989950656890869
0.9902145266532898
0.9631273150444031
0.9493533968925476
0.9224893450737
0.9045252203941345
0.8080794811248779
0.800220251083374
0.8002197742462158
0.7200311422348022
0.6884350180625916
0.6378258466720581
0.6093138456344604
0.5437795519828796
0.6096729636192322
0.5903986692428589
0.578382670879364
0.5581020712852478
0.5400360226631165
0.5389196872711182
0.5551437139511108
0.6092994809150696
0.6642178297042847
0.694328784942627
0.8311576843261719
0.8165162801742554
0.8623666763305664
0.9525133967399597
0.9952303171157837
1.0
1.0
1.0
0.987736701965332
1.0
1.0
1.0
1.0
1.0
0.9995416402816772
1.0
0.9930211901664734
0.9930212497711182
0.9928566813468933
0.9832518696784973
0.9987123012542725
0.9972312450408936
1.0
1.0
1.0
0.9593115448951721
0.9185895323753357
0.89284747838974
0.8531883955001831
0.8033238649368286
0.8001171350479126
0.7643721103668213
0.700441300868988
0.658729076385498
0.6590394973754883
0.6590387225151062
0.6157395243644714
0.6106439828872681
0.5711389780044556
0.639839768409729
0.6220188736915588
0.5867298245429993
0.5927058458328247
0.6106008887290955
0.6187270283699036
0.6014243960380554
0.6277633905410767
0.6199219822883606
0.7651734352111816
0.7675933837890625
0.7179978489875793
0.7508178353309631
0.7826666831970215
0.7665412425994873
0.8489355444908142
0.882034182548523
0.9387360215187073
0.9436330795288086
0.9483022689819336
1.0
1.0
0.9489609599113464
0.9813665151596069
1.0
1.0
0.9937726259231567
1.0
1.0
1.0
1.0
0.989090621471405
1.0
0.9957019090652466
0.9957018494606018
0.984036386013031
0.9894624352455139
0.9933077692985535
0.9897603392601013
0.984524130821228
0.994560182094574
0.9898819923400879
0.9590399265289307
0.8877992630004883
0.886909544467926
0.866092324256897
0.8414430618286133
0.7485183477401733
0.6610703468322754
0.6495139598846436
0.6009499430656433
0.5784801840782166
0.5837293267250061
0.5837281942367554
0.5549296736717224
0.5772472023963928
0.49218273162841797
0.48603832721710205
0.5285824537277222
0.496069997549057
0.4355441927909851
0.5058006048202515
0.5065832138061523
0.5286744832992554
0.5324507355690002
0.6131691336631775
0.6195514798164368
0.7029508352279663
0.7088057994842529
0.7055929899215698
0.7342990040779114
0.7931841611862183
0.7682968974113464
0.9074395895004272
0.9866520762443542
1.0
1.0
0.9872882962226868
1.0
1.0
1.0
1.0
1.0
1.0
1.0
1.0
0.9966471195220947
1.0
1.0
1.0
0.986585795879364
1.0
0.9746856093406677
0.9642804265022278
0.972744345664978
0.9704569578170776
0.9597916603088379
0.9395141005516052
0.9495251774787903
0.9013060331344604
0.8753513693809509
0.8375242948532104
0.8258540034294128
0.8073793053627014
0.7569270730018616
0.7652745246887207
0.7103011608123779
0.7273693084716797
0.7063001990318298
0.6735568046569824
0.6735559105873108
0.642750084400177
0.604078471660614
0.6290794014930725
0.6052709817886353
0.5580670833587646
0.5624288320541382
0.5868788361549377
0.545664370059967
0.5629020929336548
0.5331729054450989
0.5523614287376404
0.5953988432884216
0.5756387710571289
0.5796605944633484
0.6575432419776917
0.6938945651054382
0.7233796119689941
0.7656752467155457
0.7679399251937866
0.8059224486351013
0.8768905401229858
0.9078601598739624
0.9427592158317566
0.9576977491378784
0.9807989597320557
0.9796624183654785
0.9868393540382385
1.0
0.9969273209571838
1.0
0.9979605078697205
0.9853581786155701
0.9939087629318237
0.999979555606842
1.0
1.0
0.9954262375831604
0.9988750219345093
0.9858906269073486
0.9858906269073486
0.9960830807685852
0.9767346978187561
0.9792644381523132
0.9218901991844177
0.9180707335472107
0.9012013673782349
0.9381356239318848
0.9833896160125732
0.9279462099075317
0.9176838397979736
0.8707274794578552
0.8510844707489014
0.7603409886360168
0.7515072226524353
0.6756027936935425
0.7100854516029358
0.6571493148803711
0.6632815599441528
0.5962242484092712
0.6066231727600098
0.5896191596984863
0.5819185972213745
0.5958709716796875
0.6123989820480347
0.6474162936210632
0.6720365285873413
0.6928060054779053
0.7332363128662109
0.7886397242546082
0.816983699798584
0.8967092037200928
0.9671705365180969
0.9494812488555908
0.900655210018158
0.989354133605957
0.9914219975471497
1.0
1.0
0.995265781879425
0.995265781879425
0.9999387264251709
0.9668984413146973
1.0
1.0
0.9852879643440247
1.0
1.0
0.9965633749961853
0.9975688457489014
0.9773083925247192
0.9407677054405212
0.9839695692062378
0.9525325298309326
0.9490447044372559
0.9387257099151611
0.9260465502738953
0.9477708339691162
0.90555340051651
0.9180452227592468
0.8837766051292419
0.8222524523735046
0.7763595581054688
0.6963416934013367
0.6906656622886658
0.6675614714622498
0.6476984620094299
0.6626632213592529
0.5982357263565063
0.5686238408088684
0.5908820629119873
0.6145661473274231
0.6176916360855103
0.6182649731636047
0.565661609172821
0.6080737709999084
0.6003755927085876
0.6533422470092773
0.6533411741256714
0.712883710861206
0.7324796319007874
0.7841902375221252
0.860266387462616
0.8905881643295288
0.915012776851654
0.9840778112411499
0.9863120317459106
0.9750360250473022
1.0
1.0
1.0
1.0
1.0
1.0
1.0
1.0
1.0
1.0
1.0
0.9831992387771606
1.0
0.9878835082054138
0.9540724158287048
0.9885643124580383
1.0
0.9724750518798828
0.9724118113517761
0.9692891240119934
1.0
1.0
0.9947282671928406
0.9217647910118103
0.9379783272743225
0.911910355091095
0.8439854383468628
0.839259684085846
0.8392593264579773
0.7974711060523987
0.7427608966827393
0.7241649627685547
0.7027148604393005
0.7030539512634277
0.64802485704422
0.6899364590644836
0.6652296781539917
0.5938869714736938
0.6511061191558838
0.6543694138526917
0.6608732342720032
0.7502428889274597
0.7536270022392273
0.7751715183258057
0.7791922688484192
0.7926318645477295
0.8436551690101624
0.8178958296775818
0.8178951740264893
0.8591883182525635
0.856631875038147
0.907030463218689
0.9287049174308777
1.0
1.0
1.0
1.0
1.0
1.0
1.0
1.0
1.0
1.0
1.0
1.0
1.0
0.9988071322441101
0.9988071322441101
0.9844351410865784
1.0
0.9605888724327087
0.9963882565498352
0.9517247080802917
0.9763754606246948
0.9554256796836853
0.9493219256401062
0.9685544371604919
0.9926261305809021
0.9940527677536011
0.9576675891876221
0.9093130826950073
0.8601165413856506
0.8069778084754944
0.7666768431663513
0.7602240443229675
0.7758699059486389
0.7548485398292542
0.7548479437828064
0.7202211022377014
0.7060841917991638
0.6802170276641846
0.6780462265014648
0.7213342189788818
0.7011241912841797
0.6699331998825073
0.7784681916236877
0.7046521902084351
0.6888299584388733
0.6923322677612305
0.5925819277763367
0.595250129699707
0.5732175707817078
0.6617360711097717
0.6821889877319336
0.7302460670471191
0.8864372968673706
0.8864370584487915
0.9405794739723206
0.9460774660110474
0.9383084774017334
0.9920464754104614
1.0
1.0
1.0
1.0
1.0
1.0
1.0
0.9941835403442383
0.9990459084510803
1.0
1.0
1.0
0.9974822998046875
0.9953922033309937
0.9953921437263489
0.9953921437263489
1.0
0.9940532445907593
0.9849804043769836
0.9949679374694824
1.0
1.0
0.967983603477478
0.9556003212928772
0.8924402594566345
0.861744225025177
0.8154687881469727
0.7373275756835938
0.7650454044342041
0.7229468822479248
0.7153591513633728
0.6735178828239441
0.6994531154632568
0.6993148922920227
0.5983201861381531
0.6403993964195251
0.6186690926551819
0.5569199919700623
0.5488120317459106
0.5866650938987732
0.5585070848464966
0.5288610458374023
0.5353882312774658
0.5481717586517334
0.5938816070556641
0.6321462392807007
0.7397473454475403
0.8086040019989014
0.9409271478652954
0.9467371106147766
0.9794683456420898
1.0
1.0
1.0
1.0
1.0
1.0
1.0
1.0
1.0
0.9655172824859619
1.0
0.9817180037498474
1.0
1.0
0.9713498950004578
1.0
0.9660856127738953
0.9478850960731506
0.9748642444610596
0.9469981789588928
0.9509527087211609
0.9481987953186035
0.9429429769515991
0.9700413942337036
0.948257565498352
0.9348495602607727
0.9459823369979858
0.9342601895332336
0.9139884114265442
0.859982430934906
0.845312237739563
0.8512808084487915
0.8394001126289368
0.7915557026863098
0.7953917384147644
0.7365328073501587
0.7579681277275085
0.6968443989753723
0.6726964712142944
0.6649564504623413
0.6802673935890198
0.6802665591239929
0.6782153844833374
0.6406225562095642
0.6266427636146545
0.6073243021965027
0.6413266658782959
0.5718188285827637
0.5586634278297424
0.5595396161079407
0.5510639548301697
0.5424028635025024
0.5730540752410889
0.6296136975288391
0.6740387678146362
0.6608350276947021
0.6761337518692017
0.722853422164917
0.8231750130653381
0.887948215007782
0.8843497633934021
0.8843494057655334
0.8931952118873596
0.9339722990989685
0.9843003153800964
0.9826897382736206
1.0
1.0
1.0
0.9948342442512512
1.0
1.0
1.0
0.9939780235290527
0.9922322630882263
1.0
1.0
1.0
1.0
1.0
1.0
0.995993435382843
0.9440835118293762
0.9464998841285706
0.9180405735969543
0.8723505139350891
0.8930258750915527
0.8190023303031921
0.8362139463424683
0.8414999842643738
0.811692476272583
0.8026924729347229
0.8093731999397278
0.7305693030357361
0.7210432291030884
0.7375785112380981
0.7752321362495422
0.7638373374938965
0.80778968334198
0.7479767799377441
0.7479762434959412
0.7448726892471313
0.74016273021698
0.7259242534637451
0.7309919595718384
0.7921754121780396
0.8141272068023682
0.8091515898704529
0.8557710647583008
0.8891760110855103
0.9248659610748291
0.9544903635978699
1.0
1.0
1.0
1.0
1.0
0.9969103336334229
0.9904282093048096
0.993979275226593
0.9961423873901367
0.9856573939323425
0.9882239699363708
1.0
1.0
0.9772652387619019
0.958785891532898
0.9521980285644531
0.9524461627006531
0.9418166279792786
0.939884603023529
0.9364582300186157
0.943177342414856
0.9396030306816101
0.9319590926170349
0.9276618957519531
0.913565993309021
0.8762305378913879
0.8385330438613892
0.8385327458381653
0.8000662922859192
0.7785866856575012
0.7311329245567322
0.7364001870155334
0.7106775641441345
0.6829444766044617
0.7432816028594971
0.6937673687934875
0.6871171593666077
0.6546133756637573
0.6854177713394165
0.6440640687942505
0.6636240482330322
0.6446189284324646
0.6926546096801758
0.6632847785949707
0.7047566175460815
0.7203333973884583
0.7098535895347595
0.7098528146743774
0.7604796290397644
0.928495466709137
0.9735183119773865
0.9923102259635925
1.0
1.0
1.0
1.0
1.0
1.0
1.0
0.9754648208618164
1.0
1.0
0.9808024168014526
1.0
1.0
1.0
1.0
1.0
0.9752928018569946
0.9920854568481445
0.9840685725212097
1.0
0.9964262843132019
1.0
1.0
0.9535468220710754
0.9594213366508484
0.9533620476722717
0.9283691048622131
0.9218350648880005
0.8876659274101257
0.8429290056228638
0.7892450094223022
0.7708763480186462
0.714629590511322
0.7086451649665833
0.7835677266120911
0.761465311050415
0.67262202501297
0.7057923078536987
0.6506161093711853
0.6132764220237732
0.625686526298523
0.6546925902366638
0.5617238283157349
0.5630106925964355
0.5782411098480225
0.6032302975654602
0.6415086984634399
0.6040258407592773
0.6369125843048096
0.6280257105827332
0.6334918141365051
0.6060981154441833
0.6060969233512878
0.586952269077301
0.5791523456573486
0.598637580871582
0.548400342464447
0.5896404385566711
0.5826495885848999
0.5533207058906555
0.5651060938835144
0.5720353722572327
0.5564557909965515
0.5918616056442261
0.6032391786575317
0.6253525614738464
0.6159933805465698
0.6761699318885803
0.7097783088684082
0.7210983633995056
0.7355900406837463
0.7288005948066711
0.7287997603416443
0.6883780360221863
0.7276449203491211
0.7079651355743408
0.6874245405197144
0.6826958656311035
0.684866726398468
0.719573974609375
0.6899470090866089
0.6852560639381409
0.7151499390602112
0.735704779624939
0.707465648651123
0.6880744099617004
0.7430610060691833
0.6569169759750366
0.6826649904251099
0.6809160709381104
0.6896976232528687
0.6896966099739075
