0.9157273769378662
0.897034764289856
0.8612119555473328
0.8136699199676514
0.8613182306289673
0.8912301659584045
0.9043490886688232
0.9382920861244202
0.9274569749832153
0.9640214443206787
0.9525161981582642
1.0
1.0
1.0
1.0
1.0
1.0
0.9556686282157898
0.9799897074699402
0.9324339032173157
0.9125409722328186
0.9354586005210876
0.9602854251861572
0.9816446304321289
1.0
1.0
0.9637390375137329
0.9419975280761719
0.9896118640899658
0.9953860640525818
1.0
1.0
0.9885030388832092
1.0
0.9436143040657043
0.8668229579925537
0.9396759271621704
1.0
1.0
0.950807511806488
1.0
0.9443605542182922
0.9588696360588074
0.9441922307014465
0.9682556390762329
0.9361718893051147
1.0
0.9658284187316895
0.9307881593704224
0.9307880997657776
1.0
0.9353829622268677
0.9276756644248962
0.9174850583076477
0.9451617002487183
1.0
0.9622640609741211
0.9532327651977539
0.9073402881622314
0.9152994155883789
0.9557396769523621
0.9559792876243591
1.0
1.0
0.9057623147964478
0.9285929799079895
0.9285929203033447
0.9978484511375427
0.9820477962493896
0.9698418974876404
1.0
1.0
1.0
0.9864597320556641
1.0
1.0
1.0
0.9659197330474854
1.0
1.0
0.9840157628059387
0.979880690574646
1.0
1.0
1.0
0.9883618354797363
1.0
1.0
0.997303307056427
1.0
0.9565856456756592
1.0
1.0
0.9633456468582153
0.9915250539779663
1.018481731414795
1.0
0.9738920331001282
1.0
0.9845948815345764
0.9537440538406372
0.9537439942359924
0.9427582621574402
0.9786254167556763
0.9297297596931458
0.9374321699142456
0.9150643944740295
0.9978898167610168
0.9840362071990967
0.9358807802200317
0.9051827788352966
0.9245892763137817
0.905793309211731
1.006126046180725
0.946821391582489
0.9531473517417908
0.9296867251396179
0.96199631690979
0.8945645093917847
0.9011258482933044
0.9731002449989319
0.9792842864990234
0.942751407623291
0.9703681468963623
0.954745888710022
0.8979387283325195
0.9054845571517944
0.9628747701644897
0.986572265625
0.9734770655632019
1.0
0.9667505621910095
0.9962664842605591
0.9693267345428467
1.0
0.9655740261077881
0.9639807939529419
0.9639807343482971
1.0
1.0
0.9329870939254761
1.0
1.0
1.0
0.9988332986831665
1.0
1.0
1.0
0.9771628379821777
1.0
0.9769518375396729
1.0
1.0
0.9821248650550842
1.0
1.0
0.9566220641136169
0.9994505643844604
1.0
0.9932835698127747
0.9912444353103638
1.0
0.9693977236747742
0.9833805561065674
0.9666714668273926
0.9369503855705261
1.0023696422576904
1.0
1.0
1.0
1.0
0.9625189304351807
0.9284100532531738
0.997050404548645
0.9560229182243347
0.9506268501281738
0.9860076904296875
0.9898909330368042
0.9720702171325684
0.9610391855239868
0.9490957260131836
0.9427806735038757
0.9213438630104065
0.9584068655967712
0.9421908855438232
0.9831773638725281
0.9243307113647461
0.9606212973594666
0.9655362963676453
0.9392625093460083
0.9673669338226318
0.8961776494979858
0.9258635640144348
0.8887547254562378
0.9496403336524963
0.9689317345619202
1.0
0.9806508421897888
1.0
0.9467991590499878
0.9352622628211975
0.9748785495758057
0.9618739485740662
0.9801703095436096
0.9810565710067749
1.0
0.9815827012062073
0.9739539623260498
1.0
1.0
1.0
1.0
0.9776462912559509
1.0
0.9656253457069397
1.0
0.9948073029518127
1.0
1.0
0.971464216709137
1.0
0.9844350814819336
0.9841510653495789
0.9841510653495789
0.9543496966362
0.9996192455291748
1.0
1.0
0.9992939233779907
1.0
0.9769792556762695
0.9729547500610352
1.0
0.9397866725921631
0.9805735349655151
0.9271677136421204
0.9434062838554382
0.9255247116088867
0.9137538075447083
0.9203826785087585
0.9789096713066101
0.9558736085891724
0.9558735489845276
0.9116613864898682
0.9407220482826233
1.0090020895004272
1.0
0.9419935345649719
0.909356951713562
0.997908353805542
0.9755690693855286
0.9814599752426147
1.0
0.9980487823486328
1.0
0.9741107821464539
0.9707309007644653
0.9053757190704346
0.9089742302894592
0.9477124214172363
0.9164313077926636
0.8908865451812744
0.9321318864822388
0.887488603591919
0.9070054292678833
0.8765609264373779
0.892917275428772
0.9568191170692444
0.9361682534217834
0.9471328258514404
0.9794125556945801
0.9698940515518188
0.9427366852760315
1.0
0.9771987199783325
1.0
0.9137208461761475
0.9540940523147583
0.9540939331054688
0.9348025918006897
0.9762600660324097
0.9784790873527527
0.9986620545387268
0.9701603055000305
1.0
1.0
0.9897486567497253
1.0
0.943235456943512
0.9513603448867798
0.9820204377174377
1.0
0.9885237216949463
1.0
0.9721116423606873
1.0
1.0
0.9925073385238647
0.9935370087623596
1.0
1.0
1.0
0.9964162111282349
1.0
0.980277419090271
0.9428434371948242
0.9339775443077087
0.9793636202812195
1.0
0.9610915780067444
0.9936203956604004
0.9568907618522644
0.9603811502456665
0.9231928586959839
0.8990774750709534
0.901116132736206
0.9446101188659668
0.9686581492424011
0.9563774466514587
0.9771660566329956
0.8880819082260132
0.9004577994346619
0.9447739720344543
0.8893440961837769
0.9004616737365723
0.9292771220207214
0.9231380224227905
0.9158958792686462
0.9191862940788269
0.8822504281997681
0.8822503685951233
0.9294136166572571
0.929062008857727
0.938247561454773
0.9514406323432922
0.9138495922088623
0.983510434627533
0.9068350791931152
0.8904617428779602
0.9340000152587891
0.9493337869644165
0.8998063206672668
0.9426336884498596
0.8624727129936218
0.8739896416664124
0.8928032517433167
0.8638730645179749
0.9302592873573303
0.9579092264175415
0.9025748372077942
0.9045185446739197
0.9617615938186646
0.9853793978691101
0.9609107971191406
0.9271149039268494
0.965829610824585
0.980472981929779
1.0
0.9961469173431396
1.0
0.9327604174613953
0.9763597249984741
0.9147798418998718
1.0
0.9414653182029724
0.9628120064735413
1.0
0.9573195576667786
1.0
0.9681620001792908
0.9984961152076721
0.999566376209259
1.0
0.9940124154090881
1.0
0.9982749819755554
0.9939916729927063
0.9483153223991394
0.9401461482048035
0.9945463538169861
0.9864780306816101
0.9864780306816101
1.0
0.9278147220611572
0.9098126292228699
0.9137632250785828
0.9077311754226685
0.9302091598510742
0.900681734085083
0.9744220972061157
0.9950017929077148
0.9861927628517151
0.9708057641983032
0.9053757786750793
0.9831985831260681
0.9476463198661804
0.8873609304428101
0.9511994123458862
0.9664663076400757
0.9558171629905701
0.9220138192176819
0.8666126728057861
0.916452944278717
0.923116147518158
0.9615070819854736
0.9421666264533997
0.9249096512794495
0.995055079460144
1.0
0.9706932306289673
1.0
1.0
0.9544382691383362
0.9707812666893005
0.9455638527870178
0.9323762059211731
0.9748573303222656
0.9748573303222656
0.9797714948654175
0.9205969572067261
0.9559001922607422
1.0
0.8597449064254761
0.9540942311286926
0.9750227928161621
0.9897706508636475
1.0
1.0
0.9603286981582642
0.9772799611091614
0.9830396771430969
0.9906459450721741
1.0
0.956969141960144
0.9554970860481262
0.9806110262870789
0.9747653603553772
0.9770567417144775
0.977939248085022
1.0
1.0
1.0
1.0
1.0
0.9595562815666199
0.987400233745575
1.0
1.0
0.981819212436676
1.0
1.0
1.0
1.0
1.0
0.9800286293029785
0.9777671694755554
0.9725027680397034
1.0
0.9695557355880737
0.9514608979225159
0.9736571311950684
0.9415619969367981
0.9507467150688171
0.9302200675010681
0.9995939135551453
1.0
0.9640651345252991
0.9709110856056213
0.9709110856056213
0.9575193524360657
0.9532363414764404
0.8881038427352905
0.9541671276092529
0.9751309156417847
0.9989467859268188
0.9480787515640259
0.9439966082572937
0.9666695594787598
1.0
0.9614972472190857
0.9451534748077393
0.9519112706184387
0.9684311151504517
0.9401677846908569
0.886727511882782
0.9056883454322815
0.8942667841911316
0.9200339913368225
0.8865858912467957
0.8831045627593994
0.8941255211830139
0.9216108322143555
0.8949624300003052
0.8936381340026855
0.942379891872406
0.9689886569976807
1.0
0.9409821033477783
0.9798179864883423
0.9489141702651978
0.9893350601196289
1.0
0.965822696685791
0.965822696685791
0.9347708225250244
0.9697865843772888
0.9704786539077759
1.0
0.9452667832374573
1.0
0.9565841555595398
0.9781509041786194
0.9787254333496094
0.9465985894203186
1.0
0.9984821081161499
1.0
0.9774104356765747
0.9651497006416321
1.0
1.0
1.0
1.0
0.9591057896614075
0.9800317883491516
0.9865679144859314
1.0
1.0
1.0
1.0
0.9953217506408691
0.9693485498428345
0.9412732124328613
0.9666252136230469
0.9442833662033081
0.9277149438858032
0.9434853792190552
0.8897528052330017
0.8897527456283569
0.9927037954330444
0.9642658233642578
0.9571467638015747
0.9558392763137817
0.9421347975730896
0.9364694952964783
0.9405791163444519
0.9365597367286682
0.9429177641868591
0.8999781012535095
0.9451121687889099
0.9570655226707458
0.9259758591651917
0.9470369815826416
0.9113265872001648
0.8867340683937073
0.9366089105606079
0.9250239729881287
0.8673827648162842
0.8683582544326782
0.8708301782608032
0.9060572981834412
0.8739519715309143
0.9053367972373962
0.9008975028991699
0.9073489904403687
0.8881888389587402
0.9146947264671326
0.965326189994812
0.9119618535041809
0.9301583170890808
0.9066595435142517
0.9266538619995117
0.9330105185508728
0.9863595962524414
1.0
0.9693297743797302
0.9751445651054382
0.9512137174606323
0.9460505247116089
1.0
1.0
0.9768363237380981
1.0
0.9320511817932129
1.0
0.918356716632843
1.0
0.9322143793106079
0.9322143197059631
1.0
1.0
0.9763612747192383
1.0
0.9762041568756104
0.956646203994751
0.9608019590377808
0.9493525624275208
0.9555923938751221
0.9612422585487366
0.9609555006027222
0.9861809611320496
0.9349462389945984
0.9086158871650696
0.9300731420516968
0.9862029552459717
1.0
1.0
0.9647857546806335
0.977742075920105
0.9976779222488403
0.9435915350914001
0.9317941069602966
0.9492247700691223
0.9142776727676392
0.9303208589553833
0.9830866456031799
0.9249334931373596
0.9373195171356201
0.9082849621772766
0.9221482276916504
0.9148401021957397
0.9368292689323425
0.8734063506126404
0.9427374005317688
0.9329501986503601
0.9726829528808594
0.9411801099777222
0.9565184712409973
0.9307612180709839
0.9678335189819336
1.0
0.9656235575675964
0.9151621460914612
0.9446866512298584
1.0
0.9245296120643616
0.9764989614486694
1.0
0.9334399104118347
0.9132099151611328
0.9061588644981384
0.9061588048934937
0.9413073658943176
0.9753430485725403
0.9205037951469421
0.9933368563652039
0.9566920399665833
0.9561265707015991
0.9528875350952148
0.9545018076896667
1.0
0.9301978349685669
0.9796618223190308
1.0
0.9856280088424683
1.0
0.9947007298469543
1.0
1.0
1.0
0.9899289011955261
0.9834256172180176
1.0
1.0
1.0
1.0
0.9685943722724915
0.9690080285072327
0.9845319390296936
0.9745086431503296
0.9715766906738281
0.9609531760215759
0.9923330545425415
1.0
0.9270306825637817
0.927030622959137
1.0
0.9190377593040466
0.9764487743377686
1.0
0.9957920908927917
0.9500454664230347
0.9393101334571838
0.8993642330169678
0.9258554577827454
0.8878191709518433
0.9389667510986328
0.8879486918449402
0.9253373742103577
0.873654842376709
0.9006695747375488
0.905026912689209
0.9922731518745422
0.9823084473609924
0.9823083877563477
0.8950958251953125
0.857843816280365
0.9086199402809143
0.9100022912025452
0.8920640349388123
0.8953361511230469
0.926254391670227
0.902337908744812
0.8985763788223267
0.9570024609565735
1.0
0.9943463802337646
1.0
0.9447939991950989
0.8892570734024048
0.9913161396980286
1.0
1.0
1.0
0.9962748289108276
0.9722582697868347
0.975615918636322
0.9928393363952637
1.0
1.0
0.9649825096130371
0.9802714586257935
0.9351480603218079
0.9490751028060913
1.0
0.9902578592300415
1.0
0.9561234712600708
0.968383252620697
0.9683831930160522
0.9643828272819519
0.9881925582885742
0.9655457139015198
1.0
1.0
0.9620245099067688
0.9552666544914246
0.997766375541687
0.9708932042121887
0.9923900961875916
0.987430214881897
0.9929496049880981
0.9794796705245972
0.9431233406066895
0.9689379930496216
0.9037160277366638
0.909432590007782
0.8975517153739929
0.9304957389831543
0.9667858481407166
0.9722450375556946
1.0
0.9031364917755127
0.934701681137085
0.9403339624404907
0.9173414707183838
0.9093350172042847
0.8844438195228577
0.8831390738487244
0.9389417171478271
0.9683656692504883
0.9704493880271912
0.9236505627632141
0.9249523282051086
0.8694484233856201
0.9216984510421753
0.9530639052391052
1.0
0.9249686002731323
0.9281047582626343
0.9110559225082397
0.9232479333877563
0.9618891477584839
0.9289726614952087
0.911555290222168
0.9302517175674438
0.9321680068969727
0.9447234272956848
0.9230343699455261
0.9057276248931885
0.9545028805732727
0.9709659814834595
0.9359391927719116
0.9763742685317993
0.9111257791519165
0.9955970644950867
0.916808545589447
0.9973686933517456
0.9301480650901794
0.8886703848838806
0.9520530104637146
0.9640684127807617
0.9331746697425842
0.9288657307624817
0.8866504430770874
0.9189170002937317
0.9657460451126099
0.9653427600860596
0.9830567836761475
1.0
1.0
1.0
1.0
0.9914160966873169
0.9712949991226196
1.0
0.9901896119117737
1.0
0.990446150302887
1.0
1.0
0.9711626768112183
0.95259028673172
0.9918178915977478
0.9458126425743103
0.9232834577560425
0.9232833981513977
0.9472202658653259
0.8816187381744385
0.9752969145774841
0.9970295429229736
0.9579963088035583
0.9901819825172424
0.9392083883285522
0.9916537404060364
0.9554234147071838
0.9750650525093079
1.0
0.9714266061782837
0.9052830338478088
0.9244785904884338
0.9476145505905151
0.9355729222297668
0.9641082882881165
1.0
0.9223963022232056
0.9580317139625549
0.9918786287307739
0.9966115951538086
0.9647762775421143
0.9539324045181274
0.9366137385368347
0.9133142232894897
0.9517728686332703
0.894151508808136
0.9535799026489258
0.9099901914596558
0.989753246307373
0.9880617260932922
1.0
1.0
0.9717423319816589
1.0
0.9735034704208374
0.9870603680610657
1.0
0.9455963969230652
0.9147623777389526
0.896195113658905
1.0
1.0
0.9450405240058899
1.0
1.0
0.9933274388313293
1.0
0.9987605214118958
0.9836039543151855
1.0
1.0
1.0
0.903782844543457
0.9558637738227844
0.9505646824836731
0.9342175126075745
0.9342175126075745
0.9059981107711792
0.9134789109230042
0.9001635909080505
0.9714030027389526
0.9563524723052979
0.9285736680030823
0.927986204624176
0.882110595703125
0.9720279574394226
0.9339907765388489
0.9056462645530701
0.9366224408149719
0.8705253601074219
0.8723351359367371
0.8811773061752319
0.8748995065689087
0.9382941126823425
0.9561528563499451
0.972289502620697
1.0
0.967581570148468
0.9245724081993103
0.9348563551902771
1.0
0.9101604223251343
0.955338180065155
0.9785524010658264
0.9969547390937805
0.9969547390937805
0.9806974530220032
0.9615789651870728
0.9864580631256104
0.9585007429122925
0.9692968726158142
0.9739869832992554
0.9215437769889832
0.9581306576728821
0.9845551252365112
0.9761069416999817
0.9433573484420776
1.0
0.8929058313369751
0.9489333033561707
1.0
0.952504575252533
0.9525044560432434
0.991908848285675
1.0
0.943705141544342
0.9840308427810669
0.9929884672164917
0.9661692380905151
0.9489601850509644
1.0
0.9723074436187744
0.9771718382835388
0.9993830323219299
0.976728081703186
0.9887902736663818
1.0
1.0
1.0
1.0
1.0
1.0
0.9819742441177368
0.9441170692443848
0.9690747857093811
0.9538416266441345
1.0
0.9744462966918945
1.0
0.9629718065261841
0.9239600896835327
0.9411426782608032
0.8853716254234314
0.9325441718101501
0.8813430070877075
0.8813429474830627
0.9601566195487976
0.9263530969619751
0.9477768540382385
0.8914832472801208
0.9130581021308899
0.890361487865448
0.868454098701477
0.9132172465324402
0.9512519836425781
0.8771781325340271
0.914348304271698
0.8830750584602356
0.9027422070503235
0.9029458165168762
0.922868013381958
1.0
0.9877966642379761
0.9143166542053223
1.0
0.9425106048583984
0.9333660006523132
0.986149787902832
0.9624789953231812
0.9329388737678528
0.9545847773551941
0.9427596926689148
0.9617247581481934
0.972395122051239
0.9487355947494507
0.9923127293586731
0.928019106388092
0.9618812799453735
0.9809513092041016
0.9631694555282593
0.9581257700920105
0.9225516319274902
0.9905659556388855
0.9152087569236755
0.916539192199707
0.9746285080909729
0.9637399911880493
0.909910261631012
0.9961230754852295
0.9637947678565979
0.9814705848693848
0.9438983798027039
0.9919352531433105
0.9487056732177734
0.9610176682472229
1.0
0.9604082107543945
0.9890143275260925
0.9951236248016357
0.986702024936676
1.0
0.9173662662506104
0.9521391987800598
1.0
1.0
1.0
1.0
0.9920044541358948
0.9618554711341858
1.0
1.0
1.0
0.9800629019737244
1.0
0.9923567175865173
1.0
0.9430579543113708
0.9405738711357117
0.9652467966079712
0.907551646232605
0.9072567820549011
0.9437782168388367
0.9506382346153259
0.978100061416626
0.9820531606674194
0.9607221484184265
0.9176902174949646
0.9085355997085571
0.9392907023429871
0.92281574010849
0.8682060837745667
0.9583705067634583
0.9247101545333862
1.0
0.9153599739074707
0.9526565670967102
1.0
0.934554398059845
0.8923792243003845
0.942398726940155
0.9124758243560791
0.9714720249176025
0.9312657713890076
0.9514792561531067
0.9561626315116882
0.9064005613327026
0.8911212682723999
0.9192861914634705
0.9192860722541809
0.8747936487197876
0.9211882948875427
0.8791936039924622
0.9172561764717102
0.9777379631996155
0.9785841107368469
1.0
0.9478903412818909
0.9853153824806213
0.9828286170959473
1.0
1.0
0.9860986471176147
1.0
0.915485143661499
1.0
0.9554731249809265
1.0
0.9964424967765808
0.9599539637565613
0.946683943271637
1.0
1.0
0.9765445590019226
1.0
1.0
1.0
0.9756708145141602
0.9766824245452881
0.9801980257034302
0.9620775580406189
0.9532716274261475
0.9532715678215027
0.97713303565979
0.9222494959831238
0.9327028393745422
0.9032239317893982
0.9140231609344482
0.9446805715560913
0.8981055617332458
0.9005915522575378
0.9323094487190247
0.9699388742446899
0.8973726630210876
0.9429049491882324
0.9712588787078857
0.9320830702781677
0.8612779974937439
0.9241463541984558
0.9241462349891663
0.8459445834159851
0.8968422412872314
0.849524974822998
0.8666099905967712
0.8947224020957947
0.918705940246582
