0.9144416451454163
0.9416413307189941
0.9709976315498352
0.9084234833717346
0.9309279918670654
0.9145838022232056
0.9426054954528809
0.9547738432884216
0.9364774227142334
0.8561816215515137
0.8396453261375427
0.9076970219612122
0.8592787981033325
0.9290516972541809
0.9186424612998962
0.9266700148582458
0.9268613457679749
0.9445173144340515
0.8951665163040161
0.9562214612960815
0.89879310131073
0.923486053943634
0.9532372355461121
0.896342396736145
0.9620718955993652
0.9636455774307251
0.9562591910362244
0.8991625905036926
0.9369787573814392
0.9433972239494324
0.9447253346443176
0.9063917994499207
0.9287504553794861
0.9280191659927368
0.9170793890953064
0.8877679705619812
0.8849928379058838
0.9159600734710693
0.8654200434684753
0.9041056036949158
0.9341957569122314
0.9092899560928345
0.9500664472579956
0.9041736125946045
0.8672553300857544
0.8940144777297974
0.9689897298812866
0.9198535680770874
0.972368061542511
0.9702717661857605
0.9851648211479187
0.989875853061676
0.9697203636169434
0.9905073046684265
0.8733365535736084
0.951985776424408
0.9403471946716309
0.8877041339874268
0.9037699699401855
0.9520381689071655
0.8909046053886414
0.8580660820007324
0.876093327999115
0.9457461833953857
0.9293107986450195
0.9315442442893982
0.9007595181465149
0.9575550556182861
0.9940306544303894
0.9473786950111389
0.9414156079292297
0.9833734035491943
1.0
0.9855144619941711
1.0
0.999940812587738
0.9699951410293579
0.9562065005302429
0.9901590943336487
0.9586445093154907
1.0
1.0
1.0
0.9562113881111145
0.9159579873085022
0.9450950026512146
0.8803436756134033
0.9230160117149353
0.9080533981323242
0.9383925795555115
0.9275132417678833
0.9873411059379578
0.9690271019935608
1.0
0.9322608709335327
0.9531680345535278
1.0
0.9656596183776855
1.0
1.0
0.9639081954956055
0.9968135952949524
0.9564681053161621
0.9727099537849426
0.9401265978813171
0.9490494728088379
0.9105791449546814
0.9802694320678711
0.9325269460678101
0.9129543304443359
0.9238495230674744
0.8964866995811462
0.8782072067260742
0.9010430574417114
0.9254542589187622
0.9254541397094727
0.9829063415527344
0.9545607566833496
0.9484702348709106
0.9011175632476807
0.9002419710159302
0.9553543925285339
0.8945358395576477
0.8883476257324219
0.9214316010475159
0.957935094833374
0.8824571967124939
0.9339380860328674
0.9136189222335815
0.898889422416687
0.9691445827484131
0.9534879922866821
0.9276674389839172
0.9213132262229919
0.9610289335250854
0.9171980619430542
0.9300203323364258
0.9512740969657898
0.934716522693634
0.9755223989486694
0.9203773140907288
0.9379175305366516
0.9614020586013794
0.9879351854324341
0.9201452732086182
0.9472224116325378
0.9147015810012817
0.9885916113853455
0.962299108505249
0.9802023768424988
0.9523181319236755
0.959064781665802
0.9454559683799744
0.9454558491706848
0.9386768937110901
0.8627140522003174
0.8600091934204102
0.9164105653762817
0.8480068445205688
0.9169973134994507
0.8568273782730103
0.9397963285446167
0.8943727016448975
0.8843806385993958
0.8529642224311829
0.865775465965271
0.9059439301490784
0.864175021648407
0.8581786155700684
0.836934506893158
0.9076212048530579
0.9024235606193542
0.9652455449104309
0.8105699419975281
0.8624963760375977
1.0
0.8816303610801697
1.0
1.0
1.0
1.0
0.981655478477478
1.0
1.0
0.9779999852180481
0.9123533964157104
0.9494408369064331
0.9408154487609863
1.0
0.9971592426300049
0.8958559632301331
1.0
0.989779531955719
0.9428200125694275
0.9101464748382568
0.9766291379928589
0.9743531346321106
1.0
0.9661465287208557
1.0
0.8948106169700623
1.0
0.9298560619354248
0.9522967338562012
0.9866048097610474
0.9934232831001282
0.9609848856925964
1.0
0.9499867558479309
1.0
0.9616361260414124
0.9566539525985718
0.9566539525985718
0.9052918553352356
0.9662736654281616
0.9538532495498657
0.9328916668891907
0.8813958168029785
0.8887792825698853
0.9376447200775146
0.9322661757469177
0.9569396376609802
0.9847326278686523
0.9622213840484619
0.9574911594390869
0.9316039085388184
0.9680959582328796
0.9966994524002075
0.985615074634552
0.9827665686607361
0.9376886487007141
1.0
1.0
0.9437056183815002
0.9266996383666992
0.945563018321991
0.980222761631012
0.9702244997024536
0.9787976145744324
1.0
0.9990487098693848
0.9809258580207825
1.0
1.0
0.941841185092926
0.9726116061210632
0.9690338969230652
0.9639998078346252
0.9540111422538757
0.954011082649231
1.0
1.0
0.9674639105796814
0.9649843573570251
0.9584529399871826
0.9775294065475464
0.9834118485450745
0.9192626476287842
0.9514116644859314
0.975679337978363
0.9186023473739624
0.8940156102180481
0.9037224650382996
0.8615400195121765
0.8712628483772278
0.8626367449760437
0.963081955909729
0.9158348441123962
0.9667443037033081
0.9511216282844543
0.8966568112373352
0.9103729724884033
0.9635404348373413
0.9300252795219421
0.9798687100410461
0.9296680092811584
0.9069830179214478
0.9874851107597351
0.995185911655426
0.9429221749305725
0.8988325595855713
0.9577606320381165
0.9621351957321167
0.8922730088233948
0.9359220266342163
0.9359219074249268
0.9520494341850281
0.9488118886947632
0.9277053475379944
0.9270215630531311
0.9187191724777222
0.9427281022071838
0.8583060503005981
0.9162518382072449
0.8839079141616821
0.9514228105545044
0.8757296800613403
0.8752802014350891
0.8784465193748474
0.9445706009864807
0.8610389828681946
0.9276444911956787
0.9134645462036133
0.9242495894432068
0.9242494106292725
0.8603663444519043
0.9485049247741699
0.898112416267395
0.9574039578437805
0.9257639646530151
0.9863246083259583
0.9185696840286255
0.9340718388557434
0.9087201356887817
0.9175819754600525
0.952042281627655
0.9793707728385925
0.9339821338653564
0.9437374472618103
0.8917667269706726
0.9669724106788635
0.9653186798095703
0.9654098153114319
0.9654097557067871
0.9052149057388306
0.9957652688026428
0.9195979237556458
0.9802713394165039
0.9469739198684692
0.9756253957748413
0.9264664053916931
0.937775731086731
0.9757935404777527
0.8887847065925598
0.9534602761268616
0.9972171187400818
0.9084340333938599
1.0
0.9165084362030029
1.0
0.9145747423171997
0.9697420001029968
0.9080359935760498
0.9469323754310608
0.9439626932144165
0.97415691614151
0.9880573153495789
0.9315381646156311
0.9357677102088928
0.9393566250801086
0.951562225818634
0.9681200981140137
0.9726096391677856
0.959230363368988
0.9598115682601929
0.9750071167945862
0.9748753309249878
0.9857492446899414
0.9251977205276489
0.9299604892730713
0.9597066640853882
0.9842918515205383
0.9828108549118042
0.9354057312011719
0.9549421072006226
1.0
0.9524742364883423
0.9439671039581299
0.9355219602584839
0.9676527380943298
0.9416077733039856
0.94474196434021
0.9098882079124451
0.9920570254325867
0.8805942535400391
0.9363157749176025
0.8999319076538086
0.9297518730163574
0.9236384630203247
1.0
0.9714289307594299
0.9714289903640747
0.9704797863960266
0.9827120304107666
1.0
1.0
0.9793107509613037
1.0
0.9858786463737488
1.0
1.0
0.9796240329742432
0.9580927491188049
0.9952428340911865
0.9953007698059082
1.0
1.0
0.9613149762153625
0.9977537989616394
0.9650116562843323
0.9650113582611084
0.9539865255355835
0.874159038066864
0.8812718391418457
0.89110267162323
0.8655860424041748
0.9016340970993042
0.9414166808128357
0.8797029852867126
0.9235153198242188
0.8711647987365723
0.9347361326217651
0.9240948557853699
0.942778468132019
0.9129940867424011
0.9480389952659607
0.9095618724822998
0.9532397985458374
0.867468535900116
0.9047897458076477
0.9115294814109802
0.9567188024520874
0.9442874193191528
0.9233689904212952
0.9207358360290527
0.9734706282615662
0.9714317321777344
0.9062797427177429
0.9014425277709961
0.9498845934867859
0.8793891072273254
0.9345667958259583
0.8517272472381592
0.8637881875038147
0.9506446719169617
1.0
0.8672645688056946
0.8911616802215576
0.987451434135437
0.987451434135437
0.8660618662834167
0.9389598965644836
0.9830923080444336
0.9425435066223145
0.9307776689529419
0.939529299736023
0.9567888975143433
0.8857935070991516
0.9292527437210083
0.9964366555213928
0.9230117797851562
0.9690992832183838
0.9495803117752075
1.0
0.9401590824127197
0.9321424961090088
0.9656747579574585
0.9753566384315491
1.0
0.9959830641746521
0.9503225684165955
1.0
1.0
0.9514531493186951
0.9622170329093933
0.8801286816596985
0.9815077781677246
0.9512773752212524
1.0
0.9216179847717285
0.9571444392204285
0.9375674724578857
0.989872932434082
0.923134982585907
0.9108710885047913
0.9352895021438599
0.9340022206306458
0.9260940551757812
0.9394940733909607
0.966016948223114
0.983426034450531
0.9910968542098999
1.0
0.9987103343009949
0.9382121562957764
0.9824031591415405
0.9652435779571533
1.0
0.9677349925041199
1.0
0.9763001203536987
1.0
0.888624370098114
0.9133498072624207
0.889830470085144
0.8860682249069214
0.8860679864883423
0.9515565633773804
1.0
1.0
0.9826174378395081
0.9588047862052917
0.9935298562049866
0.9760569334030151
0.9323562383651733
0.9787846803665161
0.9308537840843201
0.9679388999938965
0.8694059252738953
0.8866742849349976
0.890966534614563
0.9278962016105652
0.8981241583824158
0.879479169845581
0.8812565803527832
0.8948089480400085
0.8550406098365784
0.9433680176734924
0.9992302060127258
0.9466343522071838
1.0
0.9774346947669983
0.91158527135849
0.9202409982681274
0.9028775691986084
0.9763015508651733
0.9381009340286255
0.991769552230835
0.9608224630355835
0.9423196911811829
0.9735651612281799
0.9186483025550842
0.9838305711746216
0.9838305711746216
0.9063428044319153
0.9880437850952148
0.9473905563354492
1.0
0.9237561225891113
0.9621924161911011
1.0
0.9638175368309021
0.9715161919593811
0.892087459564209
0.9336990714073181
0.9358429312705994
0.9175189137458801
0.9432892203330994
0.9872140884399414
0.9081359505653381
0.9327355623245239
0.8883148431777954
0.9411273002624512
0.9411271810531616
0.8949123620986938
0.898813009262085
0.8492897748947144
0.9278858304023743
0.8784783482551575
0.9759867191314697
0.9339649081230164
0.8710089921951294
0.897812008857727
0.8905614018440247
0.9095625877380371
0.9649231433868408
0.9518544673919678
0.9564658403396606
0.9477997422218323
0.9785648584365845
0.9727156162261963
0.9667571783065796
0.9931253790855408
0.9338958859443665
1.0
0.9497188329696655
0.9884960651397705
0.9815616011619568
0.9854816794395447
0.9514182209968567
0.9376367926597595
0.9785698056221008
0.9781810641288757
0.9431300163269043
0.9970414042472839
0.9215085506439209
0.9835805892944336
0.9769354462623596
0.9930292367935181
0.906933069229126
0.9015195965766907
0.9015194773674011
0.9508919715881348
0.9468104839324951
0.9064192771911621
0.8889874219894409
0.9250972270965576
0.9281139969825745
0.8957016468048096
0.9003972411155701
0.9020668268203735
0.8869912028312683
0.8783423900604248
0.9379453063011169
0.9128766059875488
0.9087153077125549
0.8539383411407471
0.8856806755065918
0.8616952896118164
0.9251521825790405
0.9027562737464905
0.9027561545372009
0.8870483636856079
0.9776796698570251
0.9763379693031311
0.9335334300994873
0.93631911277771
0.9751456379890442
0.9213223457336426
0.9629988074302673
0.9590321183204651
0.8803139925003052
0.9179005026817322
0.9629716873168945
0.9341400265693665
0.9963395595550537
0.9746204018592834
0.9656659960746765
0.9679571986198425
1.0
0.912114143371582
0.9299050569534302
0.8769876956939697
0.9655857086181641
0.9579905271530151
0.9483631253242493
0.934779167175293
0.9604387879371643
0.898482620716095
0.9052851796150208
0.9420451521873474
0.890217661857605
0.9356167316436768
0.9942444562911987
0.9872350096702576
0.9210970401763916
1.0
0.9471685290336609
1.0
1.0
0.9520483016967773
0.9673896431922913
1.0
0.983092188835144
0.996944785118103
0.9934079051017761
0.941148042678833
0.9538830518722534
0.9516333937644958
0.9039202928543091
0.9156807065010071
0.9253642559051514
0.856469452381134
0.8816856145858765
0.843852698802948
0.8774945139884949
0.9147026538848877
0.9147024750709534
0.914702296257019
0.9856688976287842
0.9509068131446838
0.8960948586463928
0.9432706832885742
0.9212536811828613
0.9869295954704285
0.8777218461036682
0.9337338805198669
0.9415258169174194
0.9886566400527954
0.9934962391853333
0.9781389236450195
0.9832257032394409
0.974516749382019
0.9794799089431763
0.9717395305633545
0.9977708458900452
1.0
0.9375673532485962
0.9375672340393066
1.0
1.0
0.9194960594177246
0.9465423822402954
0.9011925458908081
0.8905949592590332
0.9644556045532227
0.9260219931602478
0.9506905674934387
0.9195389747619629
0.9342423677444458
0.9143885374069214
0.9037445783615112
0.9150336384773254
0.9409757256507874
0.8996602296829224
0.9490994215011597
0.9117383360862732
0.9117382168769836
0.9399920105934143
0.935719907283783
0.8492116928100586
0.9162383079528809
0.9142330288887024
0.8399980068206787
0.8851976990699768
0.885072648525238
0.9060811400413513
0.9083511829376221
0.8980006575584412
0.8934632539749146
0.9160047173500061
0.9103032946586609
0.917888879776001
0.8776405453681946
0.8816224932670593
0.8525200486183167
0.9100876450538635
0.8985408544540405
0.8905162215232849
0.9403921365737915
0.8887028694152832
0.9317442178726196
0.9004180431365967
0.9363038539886475
0.9153568148612976
0.9287810325622559
0.9184605479240417
0.9375045299530029
0.9035959839820862
0.9125048518180847
0.8992999196052551
0.9195913076400757
0.9124772548675537
0.8987559080123901
0.9094629287719727
1.0
1.0
0.9256712794303894
0.957621693611145
0.9541262984275818
0.9566332697868347
0.9266477823257446
0.9273198843002319
0.8395772576332092
0.9609218835830688
0.9673209190368652
0.9071897268295288
0.9178817868232727
0.880536675453186
0.965919017791748
0.9147630333900452
0.9814584851264954
0.9162608981132507
0.9061182141304016
0.9061180353164673
1.0
0.9235438108444214
0.9607607126235962
0.9740813970565796
0.9143199920654297
0.9521951675415039
0.9542084336280823
1.0
0.9633936882019043
1.0
0.9779204726219177
1.0
0.9728952050209045
0.9817895889282227
0.9918821454048157
1.0
1.0
1.0
0.9732604622840881
1.0
0.9106981754302979
0.9990699291229248
0.9597523808479309
0.8821858763694763
0.9337073564529419
0.9640864133834839
0.9677546620368958
0.9053784608840942
0.9505340456962585
0.9622315764427185
0.9310593008995056
0.9283820986747742
0.9406258463859558
0.9480553865432739
0.9343105554580688
0.9491448998451233
0.9141214489936829
0.9373564124107361
0.9512030482292175
0.9887705445289612
0.9464825987815857
0.9142740964889526
0.9711276292800903
0.9473784565925598
0.9193251729011536
0.9341802000999451
0.9326778650283813
0.8830375671386719
0.8875859379768372
0.8777318596839905
0.8777316808700562
0.861770510673523
0.8750722408294678
0.8522507548332214
0.9016357660293579
0.8854326605796814
0.8671143054962158
0.8352696895599365
0.862104058265686
0.8409172892570496
0.8737775087356567
0.9635356664657593
0.8835639953613281
0.8822306990623474
0.9221082329750061
0.967400312423706
0.9128091931343079
0.9216851592063904
0.9717000722885132
0.9721119403839111
0.884459376335144
0.941899299621582
0.8977240324020386
0.923237681388855
0.9514575600624084
0.9396221041679382
0.9810062050819397
0.9495382308959961
0.9964982271194458
0.9748828411102295
1.0
1.0
0.9928810596466064
0.9320418834686279
0.9742927551269531
0.9482375979423523
1.0
1.0
0.9850668907165527
0.9450960755348206
0.9114429950714111
0.942715048789978
0.9801515340805054
0.9656533598899841
0.9352306723594666
0.8862645626068115
0.9045386910438538
0.9701566696166992
0.9333741068840027
0.9239129424095154
0.9239128232002258
0.9539501667022705
0.9779528975486755
1.0
0.9277701377868652
1.0
0.974563479423523
0.960343599319458
0.9701957106590271
0.9872159957885742
1.0
0.9568784236907959
0.9727789163589478
0.953412652015686
0.9623966217041016
0.992623507976532
0.992623507976532
0.9659584760665894
1.0
0.9974225759506226
0.9954351186752319
0.9978890419006348
0.9146443605422974
0.9240513443946838
0.9442729949951172
0.8786962628364563
0.9224523305892944
0.9441193342208862
0.8678897619247437
0.8933441638946533
0.8552769422531128
0.8604865074157715
0.870063841342926
0.8749510049819946
0.865963339805603
0.9325486421585083
0.9701499938964844
0.9626924991607666
0.9604981541633606
0.9617212414741516
0.9451733231544495
0.9073682427406311
0.9657532572746277
0.8702377080917358
0.9455644488334656
0.9147831201553345
0.9209374189376831
0.9358090162277222
0.9365289807319641
0.9420559406280518
0.9420558214187622
0.9858062267303467
0.988848090171814
0.9011078476905823
0.9681541323661804
0.9834738373756409
0.9463857412338257
1.0
0.9397844076156616
0.9430700540542603
0.9280860424041748
0.9912210702896118
0.9475002884864807
0.9436702728271484
0.9353152513504028
0.9487302899360657
0.9508745074272156
0.9637035131454468
0.966972291469574
0.9219483733177185
0.9364246726036072
0.9591811895370483
1.0
1.0
0.9577140808105469
0.9810609221458435
0.9712833762168884
0.971290647983551
0.9681922197341919
0.9462239146232605
0.951940655708313
0.9884250164031982
0.9738442301750183
0.9738442301750183
0.9830568432807922
0.9528870582580566
0.9713521599769592
0.9374102354049683
0.9593262076377869
0.9602851867675781
0.9137336015701294
0.9642429351806641
0.9441482424736023
0.9019280672073364
0.8490313291549683
0.8877306580543518
0.8538729548454285
0.8941435813903809
0.9163982272148132
0.9209709763526917
0.9312522411346436
0.8983105421066284
0.9287446737289429
0.9014545679092407
0.8489429950714111
0.91923987865448
0.9855742454528809
0.9606029391288757
0.9425779581069946
0.990827739238739
0.932277500629425
0.9985295534133911
0.9637101292610168
0.955694317817688
1.0
0.9900730848312378
0.9480757117271423
1.0
0.9641575217247009
0.9263805150985718
0.9759747982025146
1.0
0.9917714595794678
0.968384861946106
1.0
0.937164306640625
0.9563576579093933
0.9534870982170105
1.0
0.9765860438346863
0.9127393960952759
0.9726065993309021
1.0
1.0
0.965624988079071
0.935533344745636
0.9355332255363464
0.9781348705291748
0.8287369608879089
0.9394399523735046
0.8787655830383301
0.9016017913818359
0.9117854833602905
0.947808563709259
0.9388090372085571
0.9617794156074524
0.9343599677085876
0.8997925519943237
0.928135097026825
0.9674339294433594
0.9751001596450806
0.9169936180114746
1.0
0.9250618815422058
0.902296245098114
0.9767106771469116
0.9666435122489929
0.9636757969856262
0.944528341293335
1.0
1.0
0.9483431577682495
0.9417235255241394
0.9359410405158997
0.983890950679779
0.9760539531707764
0.9691156148910522
0.9440686106681824
0.9655199646949768
0.9497829675674438
0.9284653663635254
0.9516121745109558
0.9294983744621277
0.9563602805137634
0.9066964983940125
0.8874028921127319
0.9476141333580017
0.8863113522529602
0.8984875082969666
0.9054887294769287
0.8573827147483826
0.8753589391708374
0.8920360207557678
0.8890455365180969
0.915677011013031
0.9920939207077026
1.0
0.877112627029419
0.9284407496452332
0.9186204075813293
0.9216582179069519
0.9702180027961731
0.9702179431915283
0.9702178835868835
0.8799613118171692
0.9357757568359375
0.9649901986122131
0.9743561148643494
0.9643028378486633
0.9711155295372009
0.9594929218292236
0.9816905856132507
0.9956403374671936
0.9549285769462585
0.9921053051948547
1.0
0.9505895376205444
0.9437012076377869
0.9809809327125549
0.8860921263694763
0.8932636380195618
0.8906099796295166
0.8906097412109375
0.92233806848526
0.8969681859016418
0.8263758420944214
0.8801025748252869
0.8706497550010681
0.8376317620277405
0.8730987906455994
0.8885431289672852
0.8903021216392517
0.9300777912139893
0.936215877532959
0.9552125334739685
0.964251697063446
0.9547398090362549
0.9745126962661743
0.9347402453422546
1.0
1.0
1.0
1.0
0.9961313009262085
0.9412345886230469
0.9798908233642578
0.9447915554046631
0.9681364893913269
0.9518438577651978
0.9455028176307678
0.9684107899665833
0.9968303442001343
0.9774741530418396
1.0
0.8777011632919312
0.8996463418006897
0.8745607733726501
0.8742645978927612
0.8742644190788269
0.8742641806602478
0.9234447479248047
0.8564645051956177
0.8830884099006653
0.8568864464759827
0.8942243456840515
0.8593641519546509
0.9354404807090759
0.9448044896125793
0.9558602571487427
0.9432128071784973
0.9717472195625305
0.9453327059745789
0.9828596711158752
1.0
0.9236515164375305
0.9589071273803711
0.9586350321769714
0.9133964776992798
0.9600830674171448
1.0
0.970277726650238
0.9848578572273254
1.0
0.9428026676177979
0.99583899974823
0.9357971549034119
0.9482176899909973
0.9585976004600525
0.9498149752616882
0.9806745052337646
1.0
0.9292833209037781
0.9758023619651794
0.9477910399436951
0.9946644902229309
0.9318518042564392
0.9633427858352661
0.9633427262306213
0.889151930809021
0.9292300939559937
0.9869245290756226
0.9405458569526672
0.9117894768714905
0.9229696989059448
0.8696483969688416
0.8600656390190125
0.9183703064918518
0.847987711429596
0.9160898327827454
0.9126492142677307
0.9457358717918396
0.9595926403999329
0.9291175007820129
0.9363983869552612
0.8832533955574036
0.9171076416969299
0.930773913860321
0.9028048515319824
0.9124554395675659
0.9512847661972046
0.9723597168922424
0.9470499753952026
0.9670314788818359
1.0
0.9483239054679871
0.99130779504776
0.9375376105308533
0.9197284579277039
0.9918155670166016
0.9701791405677795
0.9864733815193176
0.9658585786819458
0.9128946661949158
0.9586717486381531
0.8912198543548584
0.905461311340332
0.9530001878738403
0.9283596277236938
0.9281012415885925
0.8873870968818665
0.9350064992904663
0.9239612221717834
0.8904412388801575
0.8934080600738525
0.860322117805481
0.8980599641799927
0.8649969100952148
0.8419581055641174
0.884035050868988
0.8374691605567932
0.8718195557594299
0.8392890691757202
0.8906386494636536
0.8664962649345398
0.8711724281311035
0.8875800967216492
0.8640413284301758
0.8904690146446228
0.8746638894081116
0.9163686633110046
0.9127500653266907
0.9256359338760376
0.883077085018158
0.9013960361480713
0.9255822896957397
0.9387877583503723
0.9414178133010864
0.9448052048683167
0.9159110188484192
0.9422395825386047
0.9474371075630188
0.8849477171897888
0.9181727170944214
0.8948788046836853
0.9400820732116699
0.9175902605056763
0.9269715547561646
0.859918475151062
0.8989663124084473
0.9159867763519287
0.8823374509811401
0.9061422348022461
0.9715242385864258
0.9582694172859192
0.9692676663398743
0.8866007924079895
0.8584040999412537
0.977961540222168
0.9186923503875732
0.980654239654541
0.9337800741195679
0.9643146991729736
0.9643146395683289
0.9396277666091919
0.9460487365722656
1.0
0.9425806403160095
0.961042046546936
1.0
0.9136199951171875
0.9989071488380432
1.0
0.9464663863182068
0.94251549243927
1.0
1.0
0.9117490649223328
0.9746075868606567
0.9742112159729004
0.9791763424873352
0.9904270172119141
0.9340209364891052
0.9340207576751709
0.9426516890525818
0.9439614415168762
0.9228112101554871
0.9438216686248779
0.9292703866958618
0.8815743923187256
0.9190126657485962
0.9480785131454468
0.9009632468223572
0.8496403098106384
0.8919309973716736
0.8840735554695129
0.9279298186302185
0.8957092761993408
0.879607617855072
0.8932611346244812
0.8600347638130188
0.8667864203453064
0.8667861819267273
0.8674675822257996
0.9417009949684143
0.9472177028656006
0.955198347568512
0.9001516103744507
0.914914608001709
0.9288012981414795
0.889931321144104
0.9555938243865967
1.0
0.9619795680046082
0.9903843998908997
0.9531312584877014
0.9451867938041687
1.0
0.931114912033081
0.9748344421386719
1.0
0.9213760495185852
0.9882878065109253
0.9651908874511719
0.969673216342926
0.9603949785232544
0.9779326915740967
1.0
0.9360811710357666
0.9849441647529602
0.96656334400177
0.9049414396286011
0.95943683385849
0.9084442257881165
0.9039329886436462
0.9740521907806396
0.8717172741889954
0.9217203259468079
0.9478863477706909
0.9353929162025452
0.9353927969932556
0.9534643292427063
0.9263951778411865
0.952980101108551
0.9252107739448547
0.9602862000465393
0.9457861185073853
0.9984610676765442
0.9756283164024353
0.9958667755126953
0.9720078110694885
0.990574300289154
0.9141899943351746
0.9967250227928162
0.9312423467636108
1.0
0.9025976657867432
0.9151826500892639
0.956973671913147
0.9444275498390198
0.9444274306297302
0.935023307800293
0.8504862785339355
0.9077531695365906
0.9100146293640137
0.8820131421089172
0.8835859894752502
0.8566351532936096
0.8346225619316101
0.8460772037506104
0.8557637333869934
0.8872545957565308
0.8399623036384583
0.8385590314865112
0.8828659057617188
0.9679437279701233
0.9708083271980286
0.9332525134086609
0.9223433136940002
0.9223431944847107
0.9380584955215454
0.9140378832817078
0.8884167671203613
0.9482028484344482
0.8981778621673584
0.9293535947799683
0.8813741207122803
0.8745738863945007
0.9327496886253357
0.9768373966217041
0.9922428131103516
0.9303174614906311
0.931115984916687
0.9646450281143188
1.0
0.9099171161651611
0.9050326347351074
0.9045314192771912
0.9045312404632568
0.9913783073425293
0.9928904175758362
0.9722602367401123
0.9905572533607483
1.0
0.969224214553833
0.9381964206695557
1.0
0.991638720035553
0.925851047039032
0.896269679069519
0.9408498406410217
0.8932136297225952
0.9458657503128052
0.9477168917655945
0.9726585149765015
0.9231966137886047
0.9149703979492188
0.9149702787399292
0.9781745076179504
0.9617747664451599
0.992226779460907
0.9397109150886536
1.0
1.0
0.9941662549972534
0.9079346060752869
0.9628543853759766
0.9847483038902283
0.9584823846817017
1.0
1.0
0.9527939558029175
0.9977580904960632
1.0
0.9835765957832336
0.9572026133537292
0.9263841509819031
0.9676686525344849
0.9611109495162964
0.9080384373664856
0.9069564938545227
0.9136442542076111
0.9190515875816345
0.9217496514320374
0.9028079509735107
0.8488900065422058
0.9209708571434021
0.9205191135406494
0.8662288188934326
0.8531243205070496
0.8889248967170715
0.933429479598999
0.8312523365020752
0.8396058678627014
0.855988085269928
0.8559878468513489
0.8462142944335938
0.8655568957328796
0.8991261720657349
0.9992442727088928
0.9367985129356384
0.9748219847679138
0.970861554145813
0.9106965661048889
0.9830107092857361
0.9662963151931763
0.933575451374054
1.0
0.9741614460945129
1.0
0.9398829936981201
1.0
0.9950584173202515
1.0
0.921107828617096
0.9211077094078064
0.9589406847953796
0.9379430413246155
0.9627412557601929
0.8970310688018799
0.9483030438423157
0.9172437191009521
0.9191561937332153
0.9815595746040344
0.8975048661231995
0.8854551911354065
0.9294147491455078
0.9177035689353943
0.9636962413787842
0.9152731895446777
0.926844596862793
0.8792368173599243
0.9079926013946533
0.9365400671958923
0.8954578638076782
0.8847213387489319
0.8907997608184814
0.8900540471076965
0.9114912152290344
0.9126293659210205
0.9781806468963623
0.9351391792297363
0.8980900049209595
0.8701471090316772
0.8610002994537354
0.9668620228767395
0.9205301403999329
0.9066367149353027
0.9032981991767883
0.9000306725502014
0.8713595271110535
0.899857223033905
0.8734737038612366
0.8734734654426575
0.8625126481056213
0.875428318977356
0.8504930734634399
0.9031819105148315
0.8577427864074707
0.8446998000144958
0.8839036822319031
0.8791880011558533
0.9184674620628357
0.924454391002655
0.8790977597236633
0.9247018098831177
0.9100452661514282
0.8904739618301392
0.8601942658424377
0.9058374762535095
0.8776630759239197
0.872301459312439
0.9052115082740784
0.905211329460144
0.8929778933525085
0.9031723737716675
0.8729195594787598
0.8914217352867126
0.9399635195732117
0.9519135355949402
0.942981481552124
0.8620715737342834
0.9406536817550659
1.0
0.9639440178871155
1.0
0.9756619334220886
0.9498059749603271
0.9612483382225037
0.9939663410186768
0.9333153367042542
0.9824234843254089
0.9824234247207642
0.9728988409042358
0.9442570209503174
0.9600304961204529
0.9248478412628174
0.934086799621582
0.9443640112876892
0.9399489164352417
0.8549944758415222
0.9230469465255737
0.9141814708709717
0.9552280306816101
0.8986900448799133
0.8991459608078003
0.9284060597419739
0.9631603956222534
0.9316970705986023
0.9142635464668274
0.9257884621620178
0.9561589360237122
0.9561588764190674
0.9465529322624207
0.9344416856765747
1.0
0.9958599209785461
0.9835876226425171
0.9437578320503235
0.9885272979736328
0.9425488710403442
0.9109870791435242
0.9463420510292053
0.8933753967285156
0.9442757964134216
0.8894664645195007
0.8913416266441345
0.8705809116363525
0.9305206537246704
0.8834146857261658
0.8712451457977295
0.8712449073791504
0.8828312158584595
0.8672961592674255
0.9226089715957642
0.926284909248352
0.9787294268608093
0.9723045825958252
0.952155351638794
0.9978362917900085
0.9896246194839478
0.9515849351882935
0.9545742273330688
0.9413876533508301
1.0
0.9663054347038269
0.9589349627494812
0.9880651831626892
1.0
1.0
1.0
0.9307827949523926
0.9286546111106873
0.9597563743591309
0.9732717275619507
1.0
0.9193469882011414
0.9663228392601013
0.9468591213226318
0.9486555457115173
0.934406578540802
0.9124397039413452
0.9402239918708801
0.9917744398117065
0.9553770422935486
0.8900343775749207
0.9942856431007385
1.0
0.9905932545661926
0.9688830971717834
0.9847233295440674
1.0
0.9567546248435974
0.9879501461982727
0.9281266927719116
0.9520111680030823
1.0
0.9264450669288635
0.9884706735610962
0.9290984869003296
0.9750815629959106
0.9789747595787048
0.9245831966400146
0.9638237953186035
0.9638237357139587
0.9090195298194885
0.9313070178031921
0.8867923021316528
0.9324274063110352
0.8828684687614441
0.8919671773910522
0.9173808693885803
0.8661571741104126
0.9146490693092346
0.9031417965888977
0.9298582077026367
0.8901061415672302
0.8807290196418762
0.921792209148407
0.8929991722106934
0.9228344559669495
0.9134169816970825
0.913416862487793
0.8994754552841187
0.9177350997924805
0.8811916708946228
0.8965926170349121
0.8635110855102539
0.9302915930747986
0.8504819273948669
0.8855613470077515
0.8513150811195374
0.8984622955322266
0.996161937713623
0.9669861197471619
0.8854082822799683
0.929456353187561
0.9499322175979614
0.9308446049690247
0.9470508694648743
0.9642049074172974
0.9398537874221802
0.9263127446174622
0.8602095246315002
0.9235164523124695
0.8389912247657776
0.8508639931678772
0.8712360262870789
0.9323013424873352
0.9160009026527405
0.8910026550292969
0.8701621890068054
0.9012918472290039
0.9382230043411255
0.9020842909812927
0.9505300521850586
0.9305623769760132
0.9415552616119385
0.9538633227348328
0.9547411799430847
0.9547411203384399
0.9751728773117065
0.9326784610748291
0.9746840596199036
0.9756146669387817
0.9669141173362732
0.9254230260848999
0.9987702369689941
0.9416040778160095
0.9814227819442749
0.9071727991104126
0.9523717164993286
0.9403266310691833
0.9467900395393372
0.8657951354980469
0.9178892374038696
0.9263056516647339
0.9363389015197754
0.8759499788284302
0.9428452253341675
0.8905715942382812
0.8686186671257019
0.9529146552085876
0.9095199704170227
0.9505475163459778
0.883033812046051
0.8673536777496338
0.9372974634170532
0.9222221374511719
0.9101546406745911
0.8608142137527466
0.9527307152748108
0.9600207209587097
0.8819571733474731
0.9617531895637512
0.9031800627708435
0.9244818091392517
0.9501685500144958
0.8807043433189392
0.8837060332298279
0.9133675694465637
0.9690096974372864
0.9711589217185974
0.9853705763816833
0.9785762429237366
1.0
0.9431614875793457
0.9615066051483154
0.9042500257492065
0.9877054691314697
0.959827184677124
0.9183918237686157
0.9547905921936035
0.9627721905708313
0.9041739106178284
0.9409661889076233
0.9052179455757141
0.9052177667617798
0.9030898213386536
0.9490631222724915
0.943476676940918
0.9558650851249695
0.9960765242576599
0.9528085589408875
0.9831807017326355
0.9772188067436218
0.9419853091239929
0.928058385848999
0.9603049159049988
0.9882128238677979
0.9642578363418579
0.9288870096206665
0.9378628730773926
0.937862753868103
1.0
0.9372338056564331
0.8896080851554871
0.9394547939300537
0.9612423181533813
0.9012216329574585
0.9147160649299622
0.9274858832359314
0.927435040473938
0.8390045166015625
0.9391411542892456
1.0
0.9549259543418884
0.9222917556762695
0.896769106388092
0.9789811968803406
0.939168393611908
0.9547816514968872
0.9705315828323364
0.9729399681091309
0.9422089457511902
0.9366772770881653
0.923492431640625
1.0
0.984245777130127
1.0
0.9276805520057678
0.9542552828788757
0.9814816117286682
0.922500491142273
0.9806236028671265
0.962628185749054
0.9749197363853455
0.9440493583679199
0.9440492987632751
0.9407122731208801
0.9924169182777405
0.9378093481063843
0.9406792521476746
0.9465713500976562
0.9085181355476379
0.9247424006462097
0.9440836906433105
0.9282682538032532
0.9778478741645813
0.8965454697608948
0.857131838798523
0.947889506816864
0.9799201488494873
0.9811224341392517
0.9545390009880066
0.9265917539596558
0.891747236251831
0.9040997624397278
0.8883459568023682
0.9118955135345459
0.935526967048645
0.9685519933700562
0.9597675800323486
0.9848504066467285
1.0
0.9505148530006409
0.9713388085365295
1.0
1.0
1.0
0.9809727072715759
0.9826214909553528
0.9356996417045593
0.971183180809021
0.9711831212043762
0.9624290466308594
0.9225223064422607
0.961821436882019
0.9283711910247803
0.8908043503761292
0.878697395324707
0.9537685513496399
0.9597321152687073
0.9999732971191406
0.9722867012023926
0.9089260697364807
0.9086905121803284
0.87293940782547
0.9144243001937866
0.9508732557296753
0.9281049370765686
0.9751066565513611
0.9532430171966553
0.9532428979873657
0.9737834334373474
1.0
0.9962261319160461
0.9451940059661865
0.9423876404762268
0.9218122363090515
0.9293345808982849
0.8809178471565247
0.936255156993866
0.9484639763832092
0.9575539827346802
0.941731333732605
0.9556960463523865
0.8899130821228027
0.9214242100715637
0.9621855616569519
0.9511510133743286
0.9060783982276917
0.9060782194137573
0.9673503041267395
0.9661768078804016
0.8856114745140076
0.9071428179740906
0.908825159072876
0.8689254522323608
0.9485331773757935
0.9427165985107422
0.9368259310722351
0.9498124718666077
0.9797963500022888
0.920219898223877
0.9796056151390076
1.0
0.969258189201355
1.0
0.9791066646575928
0.9249728918075562
0.9911313652992249
0.9752829074859619
0.9126459956169128
0.9433173537254333
0.9948705434799194
0.9538328051567078
0.9065780639648438
0.9161853194236755
0.9465656280517578
0.9712830781936646
0.8954573273658752
0.9345143437385559
0.9574442505836487
0.9358021020889282
0.9133564829826355
0.9120022654533386
0.9755679368972778
0.8971635699272156
0.9078633189201355
0.907863199710846
0.9276151061058044
0.86799556016922
0.9096362590789795
0.9200702905654907
0.9144660830497742
0.8725722432136536
0.8473221659660339
0.8672791123390198
0.8727680444717407
0.8650572299957275
0.9063417911529541
0.9705393314361572
0.9903866648674011
0.9982799291610718
0.9858903884887695
0.9848965406417847
0.9617647528648376
1.0
0.9366683959960938
0.9996565580368042
0.9456640481948853
1.0
0.9831055402755737
0.9475528001785278
1.0
0.9520323872566223
1.0
0.9362158179283142
0.9486739635467529
0.9813181161880493
0.9602194428443909
0.9302762150764465
0.9581491947174072
0.9409493207931519
0.897566020488739
0.9218332767486572
0.9218331575393677
0.977389395236969
0.9306033849716187
1.0
0.9850008487701416
1.0
0.9536385536193848
0.9515894055366516
0.9735461473464966
0.9672479033470154
0.9205175042152405
0.9338981509208679
0.9686087965965271
0.9655044674873352
0.9644314646720886
0.9557282328605652
0.9235802888870239
0.9927781224250793
0.9249173998832703
0.9340916275978088
0.9833991527557373
0.9548156261444092
0.8720228672027588
0.9393827319145203
0.9104644656181335
0.8973396420478821
0.8609739542007446
0.9469923973083496
0.9621932506561279
0.9541587233543396
0.9581958055496216
0.9430155754089355
0.9890959858894348
0.9916965961456299
1.0
0.9256428480148315
0.9850203394889832
0.9850202798843384
0.9769313335418701
0.9599922299385071
1.0
1.0
1.0
0.9382868409156799
0.9863929748535156
1.0
0.9691410660743713
1.0
0.9976434111595154
0.9763311147689819
0.9978281259536743
1.0
0.9619979858398438
0.9940460324287415
0.958938479423523
0.9394599199295044
0.916170060634613
0.9410437345504761
0.9494596719741821
0.9057555794715881
0.9669809937477112
0.8806730508804321
0.9034062623977661
0.9444828629493713
1.0
0.9537466168403625
0.9676118493080139
1.0
1.0
0.9714887142181396
0.9873260259628296
0.9915978312492371
1.0
0.9472940564155579
1.0
0.9572210311889648
0.9470718502998352
0.9764654040336609
0.9757593870162964
0.9927215576171875
0.9509290456771851
0.9898395538330078
0.9711097478866577
0.9355074763298035
0.9585397243499756
0.9510788917541504
0.9819128513336182
0.9234558343887329
0.8789825439453125
0.8552606105804443
0.9281715750694275
0.9690636992454529
0.9690636992454529
0.9754551649093628
0.9286035299301147
0.8993280529975891
0.9165606498718262
0.9993578791618347
0.9464202523231506
0.8832435607910156
0.9332767128944397
0.9584967494010925
0.9932371973991394
0.9470198154449463
0.9626609683036804
0.9357194900512695
1.0
0.9409775733947754
0.9900297522544861
0.9085682034492493
0.979956328868866
1.0
0.9586889147758484
0.9600797295570374
1.0
0.9650278091430664
0.9471002221107483
0.9879946112632751
1.0
0.9680092334747314
0.948081374168396
1.0
0.9955289959907532
0.9662197232246399
0.9901297092437744
0.9734633564949036
0.945115864276886
0.9706852436065674
0.9560282826423645
0.9560281038284302
0.8685656189918518
0.9412490725517273
0.8928263783454895
0.9275698661804199
0.8632168769836426
0.8958622217178345
0.9176242351531982
0.8918003439903259
0.8943580389022827
0.9335020184516907
0.9946339130401611
0.97089684009552
0.9788951873779297
1.0
0.9995962381362915
1.0
1.0
0.9932198524475098
1.0
0.912244975566864
0.8735102415084839
0.9754184484481812
0.9335950016975403
0.9764349460601807
0.8913064002990723
0.9695804715156555
0.9168753027915955
0.9272216558456421
0.9005092978477478
0.9104576110839844
0.9283356666564941
0.9139436483383179
0.9025412201881409
0.9528951644897461
0.9528951048851013
0.8596943616867065
0.9451150298118591
0.9221624135971069
0.9630557298660278
0.876749575138092
0.8854557275772095
0.8501492738723755
0.9093156456947327
0.9498782157897949
0.9552545547485352
0.964055061340332
0.8811565637588501
0.8848782181739807
0.8874170184135437
0.9272195100784302
0.905046820640564
0.8966759443283081
0.8966757655143738
0.9323837757110596
0.9535569548606873
0.9558102488517761
0.9506275653839111
0.9460743069648743
0.9360324740409851
0.9681582450866699
0.9022406935691833
1.0
0.9924805760383606
0.9391151070594788
0.9145991802215576
0.9387091398239136
0.9680168628692627
0.9858783483505249
0.9524298906326294
0.9347225427627563
0.9887804388999939
0.9405373334884644
1.0
0.9941487312316895
0.9413768649101257
0.955981433391571
1.0
0.9671836495399475
0.9965631365776062
1.0
1.0
0.9774455428123474
1.0
0.9565014839172363
1.0
1.0
1.0
0.9289231300354004
0.9435312747955322
0.9909758567810059
0.9501290321350098
0.9680686593055725
0.9835740923881531
0.9746383428573608
0.9509817957878113
0.948879063129425
0.9667532444000244
0.8900798559188843
0.9187906384468079
0.9003909230232239
0.9003907442092896
0.9869958162307739
0.9689831137657166
0.871809720993042
0.8790701031684875
0.9188908338546753
0.9113344550132751
0.8952367901802063
0.9368025660514832
0.8957792520523071
0.94844651222229
0.8932017087936401
0.955083966255188
0.9515547752380371
0.9477353096008301
0.9420415163040161
0.9636474847793579
0.9536174535751343
0.9087084531784058
0.9751781821250916
0.9691600799560547
1.0
0.9819470643997192
1.0
0.9670360684394836
0.9174594283103943
0.9643251299858093
0.9583771228790283
0.9712713360786438
0.9789054989814758
0.9769942760467529
0.9168327450752258
0.9872144460678101
0.9995900988578796
1.0
0.955808162689209
0.9727385640144348
0.9394642114639282
0.9654422998428345
0.8992099761962891
0.9454078078269958
0.9640176296234131
0.9415203332901001
0.8661675453186035
0.9291573166847229
0.8620755076408386
0.9453583359718323
0.8752233386039734
0.9064896702766418
0.9162631034851074
0.9473934173583984
0.9560903906822205
0.9374314546585083
0.9414463043212891
0.9231250286102295
0.9565619826316833
0.9394853115081787
0.9169028997421265
0.9625892639160156
0.9947303533554077
0.9637212157249451
0.9861164689064026
0.9610158801078796
0.9220010638237
0.8912369012832642
0.9347405433654785
0.8914602398872375
0.926361083984375
0.8885494470596313
0.888549268245697
0.879684329032898
0.854114830493927
0.8815739750862122
0.9410165548324585
1.0
0.954408586025238
0.9218515157699585
0.939712643623352
0.9218965172767639
0.8783263564109802
0.9419934749603271
0.9512509107589722
0.9125718474388123
0.9669578075408936
0.9641766548156738
0.9623014330863953
0.9792802333831787
0.8994446992874146
0.9560999274253845
0.979785680770874
1.0
0.9390310645103455
0.914874255657196
0.9804608225822449
1.0
0.9874542355537415
0.9596131443977356
1.0
1.0
1.0
0.963229238986969
0.9632291793823242
0.9805257320404053
0.9470497369766235
0.9078885912895203
0.9364860653877258
0.9449799060821533
0.8858311176300049
0.9027653932571411
0.9267153739929199
0.8751086592674255
0.853973925113678
0.8930923938751221
0.8841660618782043
0.9258957505226135
0.8902708292007446
0.9024816155433655
0.9528752565383911
0.9370564222335815
0.9104947447776794
0.9128711223602295
0.9363344311714172
0.9134523272514343
0.8662585616111755
0.8943867683410645
0.8636366724967957
0.8841286301612854
0.9098692536354065
0.9400423765182495
0.9143539667129517
0.9254608750343323
0.8966137766838074
0.8870195150375366
0.8537630438804626
0.9199889302253723
0.9435792565345764
0.9085105061531067
0.9492475986480713
0.9892311096191406
0.9679258465766907
0.9263727068901062
0.9300602078437805
0.9211726784706116
0.9415140748023987
0.9643869996070862
0.9856956601142883
0.9856770634651184
0.9242601990699768
0.9502094984054565
0.929939329624176
1.0
1.0
0.8933771848678589
0.9853420853614807
0.9820031523704529
0.9117067456245422
0.9372319579124451
0.9371693730354309
0.9831786751747131
1.0
1.0
1.0
1.0
1.0
0.9783698916435242
0.9559435844421387
1.0
0.9513378739356995
1.0
1.0
0.9600356817245483
0.9648585319519043
0.9162247776985168
0.9250810146331787
0.9491711258888245
0.8974685072898865
0.9261956810951233
0.9866649508476257
0.9427154064178467
0.9399936199188232
0.9289706349372864
0.9293845891952515
0.9373806715011597
0.9306246638298035
0.9708467125892639
0.9096716642379761
0.9665291905403137
1.0
0.9986920356750488
0.9590038061141968
0.9901726841926575
0.9951871037483215
1.0
0.9634371995925903
0.9550200700759888
0.9704445600509644
1.0
0.9422144889831543
0.9340206384658813
0.901469886302948
0.9145206212997437
0.8940021991729736
0.973421573638916
0.8868428468704224
0.9558243155479431
0.9623178243637085
0.9428414106369019
0.9120413661003113
0.9440982937812805
0.8885120153427124
0.8550999760627747
0.8875116109848022
0.9413462281227112
1.0
0.9570732116699219
0.9589715600013733
1.0
1.0
0.9928394556045532
0.9793946146965027
1.0
1.0
0.9900627732276917
1.0
0.981059193611145
0.9937658905982971
0.9480732679367065
0.9774050116539001
1.0
0.9542778134346008
1.0
0.9637323617935181
0.9567715525627136
0.9430683255195618
0.861393392086029
0.9037900567054749
0.8868620991706848
0.8868619203567505
0.9099465012550354
0.8938472867012024
0.9210233688354492
0.879310131072998
0.8680906295776367
0.8944480419158936
0.907119631767273
0.931695818901062
0.8683294057846069
0.9197319746017456
0.9601036310195923
0.8781830072402954
0.9102407097816467
0.987301766872406
0.8834162354469299
0.9459447264671326
0.9065101146697998
0.9839876294136047
0.9690179824829102
0.9941514134407043
0.9654523730278015
1.0
0.9258726239204407
0.9444018006324768
0.9558961987495422
0.9645911455154419
0.951365053653717
0.9419623017311096
0.8958511352539062
0.9743999242782593
0.9140937924385071
0.9321516752243042
0.9086934924125671
0.9046413898468018
0.9335744380950928
0.9335743188858032
0.9335741996765137
0.9202662110328674
0.934984564781189
0.8641448616981506
0.9133641719818115
0.8817923069000244
0.9383919835090637
0.9600109457969666
0.9118272662162781
0.9144595265388489
0.9570574164390564
0.937862753868103
0.9697374701499939
0.9625709056854248
0.993522584438324
0.9699380397796631
0.9669243097305298
0.9909641146659851
0.9556087255477905
0.9848684072494507
1.0
0.9711412191390991
0.9591187238693237
0.9374898076057434
0.9661014676094055
0.945050835609436
0.9186620116233826
0.9228411912918091
0.9330353140830994
0.9497296214103699
0.8667142987251282
0.947346568107605
0.8822135329246521
0.8667349219322205
0.9247680306434631
0.868929922580719
0.8577147722244263
0.919093906879425
0.8648145198822021
0.9313557147979736
0.9477264881134033
0.9116742610931396
0.8990983963012695
0.9350508451461792
0.9756458401679993
0.931721031665802
0.9459317326545715
0.9226370453834534
0.9126847982406616
0.9478716254234314
1.0
0.9674928784370422
0.9682199954986572
0.8957234621047974
0.9476969242095947
0.9745528697967529
0.9745529890060425
0.9792596697807312
0.9085842370986938
0.9852645993232727
0.979569673538208
0.9668009877204895
0.9637061953544617
0.8912078142166138
0.9510741829872131
0.9844520688056946
0.9453533887863159
0.8959508538246155
0.9289886951446533
0.8658806085586548
0.8682356476783752
0.9041476845741272
0.8646321892738342
0.9225590229034424
0.8837069272994995
0.8841636180877686
0.8841635584831238
0.9270814657211304
0.925226628780365
0.9385669231414795
1.0
1.0
0.9696515202522278
1.0
0.9318764209747314
0.9594454169273376
0.9709183573722839
1.0
0.9849510788917542
1.0
1.0
0.948259711265564
1.0
0.9158690571784973
0.9967411160469055
1.0
0.9886242151260376
0.9724398255348206
1.0
0.9033825993537903
0.902062714099884
0.9314906001091003
0.9077167510986328
0.8918394446372986
0.8515095710754395
0.8775743842124939
0.8861107230186462
0.8925610780715942
0.8819913864135742
0.8779008984565735
0.9579689502716064
1.0
0.9240676760673523
0.936869740486145
0.9368696212768555
0.9767954349517822
0.9524062871932983
1.0
0.9492517709732056
0.9483696818351746
0.9657528400421143
0.9195635914802551
1.0
0.9627887606620789
1.0
0.968040943145752
1.0
1.0
0.9311134219169617
0.9620190858840942
0.9397063851356506
0.9134967923164368
1.0
0.899221658706665
0.8992214798927307
0.9824139475822449
0.9186913967132568
0.8999372124671936
0.9137747883796692
0.9394450783729553
0.9104534387588501
0.9103927612304688
0.8783396482467651
0.8893210887908936
0.8959197402000427
0.8853877186775208
0.8806502223014832
0.9286291003227234
0.9033071994781494
0.8648837208747864
0.8868407607078552
0.9487186074256897
0.9358157515525818
0.9395889043807983
0.9395888447761536
0.9436836838722229
0.9752985835075378
0.9447606205940247
0.9495846033096313
0.9860857725143433
0.9803986549377441
0.9779371619224548
0.9429609775543213
1.0
0.937135636806488
0.9568591713905334
0.9703583717346191
0.9773409366607666
0.9458333849906921
0.953249454498291
0.9542568922042847
0.9438772201538086
0.9201552271842957
0.9328414797782898
0.9145925641059875
0.9145923852920532
0.9164232015609741
0.9413780570030212
1.0
0.9598479866981506
0.9232889413833618
0.9459182620048523
0.945217490196228
0.9423142075538635
0.9645222425460815
0.896857500076294
0.9435922503471375
0.9725165963172913
0.9757605791091919
0.9428132772445679
0.920586347579956
0.9733341336250305
0.9411798119544983
0.9922807216644287
0.9192633032798767
0.9281297326087952
1.0
0.9722364544868469
0.9946737885475159
1.0
0.9784481525421143
0.9433191418647766
1.0
0.9634530544281006
0.983168363571167
0.9839390516281128
0.9598120450973511
0.9474202394485474
0.9442188143730164
0.9746319651603699
0.908720850944519
0.9339432716369629
0.9317619800567627
0.949479341506958
0.8922840356826782
0.8922838568687439
0.9331505298614502
0.9255200624465942
0.9673508405685425
0.8967801332473755
0.91279536485672
0.926480770111084
0.8600516319274902
0.9754865765571594
0.8853594660758972
0.8921862244606018
0.9197428226470947
0.9315455555915833
0.939655601978302
0.892206072807312
0.9702453017234802
0.9634868502616882
0.9413295388221741
0.9862094521522522
0.958380401134491
0.9914342761039734
0.97639399766922
1.0
0.9866175651550293
0.9600971937179565
0.9240858554840088
0.9901514053344727
0.9417340755462646
0.9216422438621521
1.0
1.0
1.0
0.9661573767662048
0.9349518418312073
0.9411337971687317
0.9454305171966553
0.9370602965354919
0.8777859210968018
0.8777856826782227
0.8777855038642883
0.9279980659484863
0.8654137849807739
0.849139928817749
0.9296809434890747
0.9190594553947449
0.8738735914230347
0.9221184849739075
0.870587170124054
0.893643319606781
0.9271807074546814
0.9255080819129944
0.9297893643379211
0.9079042077064514
0.9102156758308411
0.9252628087997437
0.9037308692932129
0.9600181579589844
0.8973695635795593
0.946672797203064
0.9466726779937744
0.87838214635849
0.8867048025131226
0.905219554901123
0.9516169428825378
0.9875310063362122
0.9705106616020203
0.9160040616989136
0.943503737449646
0.9400125741958618
0.9312286972999573
0.9058506488800049
0.9029629230499268
0.8913012742996216
0.8741385340690613
0.9047228097915649
0.9716473817825317
0.9232145547866821
0.8978174328804016
0.8447024822235107
0.8810192346572876
0.8708303570747375
0.8657985329627991
0.8740723133087158
0.8744785189628601
0.9004368782043457
0.8851919770240784
0.8562403917312622
0.8818929195404053
0.9627968072891235
0.9568023681640625
0.9092429876327515
0.9532606601715088
0.9766349196434021
0.8964622616767883
0.8807736039161682
0.9350773692131042
0.9806529879570007
0.8845824003219604
0.8845822215080261
0.9103503227233887
0.9510840177536011
0.9361901879310608
0.9845568537712097
1.0
0.9364275336265564
0.9220470786094666
0.9425856471061707
0.9351487159729004
0.9350839257240295
0.9186874628067017
0.8906790614128113
0.9100383520126343
0.8802602291107178
0.9231593012809753
0.8578795790672302
0.8978977799415588
0.9210984110832214
0.8699894547462463
0.9162084460258484
0.9205858707427979
0.8943524360656738
0.9434261322021484
0.9567367434501648
0.935904324054718
0.9267287254333496
0.9393340945243835
0.9521057605743408
0.968032956123352
0.9609190821647644
0.9756742119789124
0.9535858631134033
0.9368705749511719
0.9937277436256409
0.9735113382339478
0.9374101161956787
0.9925373792648315
0.93712317943573
0.9994412064552307
0.9574652314186096
0.9803080558776855
0.9410103559494019
0.9226217865943909
0.9447174668312073
0.9561955332756042
0.9594854712486267
0.9335058331489563
0.967374324798584
0.9426771998405457
0.936064600944519
0.9875785708427429
0.9875785708427429
0.9616873860359192
0.9277868866920471
0.939314603805542
0.9710354208946228
0.9561875462532043
0.9683212637901306
0.8801059126853943
0.8939903974533081
0.8707743287086487
0.9469881057739258
0.9503236413002014
0.9265844225883484
0.933575451374054
0.9547926187515259
1.0
0.9846938848495483
0.9832642078399658
1.0
0.9654602408409119
0.9389985799789429
0.9976586103439331
1.0
0.9306904077529907
0.9112557172775269
0.9435522556304932
0.9862337708473206
1.0
1.0
0.9390360116958618
1.0
0.9685938358306885
0.9829952716827393
0.973414957523346
0.8799823522567749
0.9426893591880798
0.9264161586761475
0.8656182885169983
0.8756582736968994
0.8811869621276855
0.8811867237091064
0.8697577118873596
0.896287739276886
0.9018462300300598
0.8970165848731995
0.9401394128799438
1.0
0.9758085608482361
1.0
1.0
0.9340486526489258
1.0
0.895565927028656
0.9699844717979431
0.9130209684371948
0.913291335105896
0.9003446102142334
0.961639940738678
0.8930691480636597
0.9719929099082947
0.9719928503036499
0.9283739328384399
0.9410548806190491
0.9671949744224548
0.9444441199302673
0.9421323537826538
0.9431301355361938
0.94957035779953
0.9112116098403931
0.9021221995353699
0.9437950253486633
0.9173348546028137
0.8254055380821228
0.876973569393158
0.8353513479232788
0.8838367462158203
0.8287407159805298
0.856899619102478
0.840795636177063
0.8614506721496582
0.8614504337310791
0.862798273563385
0.8333706855773926
0.912429928779602
0.9364448189735413
0.9318675398826599
0.985709547996521
0.9744740724563599
1.0
0.920860230922699
0.9515852332115173
0.9956724047660828
1.0
0.9833572506904602
0.9693354964256287
0.9314563870429993
0.9698363542556763
0.9364681839942932
0.9880495667457581
0.9865553975105286
0.9865553379058838
0.9691122770309448
0.9837124347686768
1.0
1.0
1.0
0.9537249207496643
0.94504714012146
1.0
0.9659972190856934
0.9745479226112366
0.9754959344863892
1.0
0.9510698318481445
0.9890046119689941
1.0
1.0
1.0
0.9566026926040649
0.9636029601097107
0.9826939702033997
0.9321702718734741
0.911963701248169
0.8996630311012268
0.8661022782325745
0.8801683187484741
0.855143666267395
0.8572054505348206
0.9396131038665771
0.9217124581336975
0.9325118660926819
0.9417255520820618
0.9369372129440308
0.9405468702316284
0.9320474863052368
0.9072644710540771
0.8912002444267273
0.9638737440109253
0.9861786961555481
0.8820745944976807
0.9207002520561218
0.9744515419006348
0.9072299003601074
0.9404734373092651
0.9637058973312378
0.9328732490539551
0.9963338375091553
0.9610467553138733
0.9494585990905762
0.8942778706550598
0.908089280128479
0.8978476524353027
0.8650932312011719
0.9037742018699646
0.9338420629501343
0.833093523979187
0.8895732760429382
0.8922122716903687
0.9024109244346619
0.9024107456207275
0.8812656998634338
0.9120005965232849
0.8797271847724915
0.9296911358833313
0.9478349685668945
0.9224014282226562
0.9512231349945068
0.9481737613677979
0.9253038167953491
0.8997981548309326
0.9822859764099121
0.9959923624992371
0.9319498538970947
0.9877787828445435
0.9730697870254517
0.9488853812217712
0.9310924410820007
0.9170512557029724
0.997223973274231
0.997223973274231
0.9988987445831299
1.0
0.9249669909477234
1.0
1.0
0.9234391450881958
0.9566981792449951
0.9151039123535156
0.9632036089897156
0.947691798210144
0.8864304423332214
0.9574995636940002
0.9272682666778564
0.9112028479576111
0.9416578412055969
0.8906835913658142
0.9220564961433411
0.9177258014678955
0.905502200126648
0.9055020213127136
0.9057175517082214
0.9201776385307312
0.9432437419891357
0.975920557975769
0.974598228931427
0.9434002637863159
0.9913600087165833
0.966763973236084
0.9487707018852234
0.9955021739006042
1.0
0.970683217048645
1.0
0.9452536106109619
1.0
1.0
0.9952552914619446
0.9703421592712402
0.9506734609603882
0.999540388584137
0.8989650011062622
0.9199256300926208
0.954757809638977
0.9458826184272766
1.0
0.9709675312042236
1.0
1.0
1.0
0.965654730796814
1.0
1.0
0.9818068742752075
1.0
1.0
1.0
1.0
0.9660450220108032
0.9660449624061584
0.970960795879364
0.9937056303024292
0.9714949727058411
0.9450181126594543
0.9713912010192871
0.8962451815605164
0.9602112174034119
0.947806715965271
0.9374164342880249
0.9737425446510315
0.9385479092597961
0.8919172286987305
0.8684539198875427
0.9354745745658875
0.9207757115364075
0.9179612398147583
0.9151238203048706
0.8849443793296814
0.9096969366073608
0.9096966981887817
0.9229651093482971
0.9138432741165161
0.9184789061546326
0.9885111451148987
0.959366500377655
0.9692477583885193
0.8854829668998718
0.8897653222084045
0.933640718460083
0.9376048445701599
0.9452494382858276
0.9699488282203674
0.9555671215057373
0.8794804215431213
0.9205120801925659
0.9152453541755676
0.9206973314285278
0.9140323400497437
0.9526199102401733
0.9419637322425842
0.9419636130332947
0.8778770565986633
0.8751798272132874
0.9181694388389587
0.9137768745422363
0.8407480120658875
0.8945082426071167
0.833203136920929
0.9184490442276001
0.9043334722518921
0.8869550228118896
0.9662298560142517
0.9855613112449646
1.0
0.9331110715866089
0.9140108823776245
0.9833417534828186
0.9678530097007751
1.0
1.0
0.9249342679977417
0.9966187477111816
1.0
1.0
0.9471033215522766
1.0
0.9512919783592224
0.9971925616264343
0.9391312599182129
0.9925023913383484
0.9863411784172058
1.0
1.0
0.9348691701889038
0.9817132949829102
0.9083332419395447
0.9386065006256104
0.9055056571960449
0.9225118160247803
0.9197873473167419
0.8834481239318848
0.8969298005104065
0.9125332236289978
0.9317440986633301
0.9681162238121033
0.9391046762466431
0.9596478343009949
0.9029572010040283
0.9628250598907471
0.901258647441864
0.9014788269996643
0.881305456161499
0.9344921112060547
0.873073160648346
0.9163683652877808
0.9163681864738464
0.9071934819221497
0.9256648421287537
0.9719735383987427
0.9530912041664124
0.9404555559158325
0.9538185596466064
0.9318521022796631
0.9382160305976868
0.9586026072502136
0.8928332924842834
0.9115903377532959
0.9659992456436157
0.9251871705055237
1.0
0.9365329742431641
0.9365328550338745
0.9758197665214539
0.9688594937324524
0.9305373430252075
0.9895683526992798
0.958543598651886
0.986672580242157
0.989501416683197
1.0
1.0
1.0
1.0
0.9563010334968567
1.0
0.9357597231864929
0.9969180226325989
0.9573563933372498
1.0
0.9623499512672424
0.9649693965911865
0.93730628490448
0.9732664823532104
0.9550831913948059
0.9176048636436462
0.849061906337738
0.882013201713562
0.9175586700439453
0.9368453025817871
0.8844365477561951
0.8399871587753296
0.8742121458053589
0.8335433602333069
0.8495059013366699
0.8755945563316345
0.8478150963783264
0.8804484009742737
0.9295529723167419
0.9566187858581543
1.0
0.9868215322494507
0.9742282032966614
1.0
0.9850447177886963
0.9563974738121033
0.9336525201797485
0.9312766790390015
0.9700424075126648
0.8891584873199463
1.0
0.9489389657974243
0.9554042220115662
0.9881995916366577
0.9260815978050232
0.9802276492118835
1.0
0.9297685623168945
0.989356279373169
0.9903869032859802
1.0
1.0
1.0
1.0
0.99037104845047
0.9954203367233276
1.0
0.9568200707435608
1.0
1.0
0.9766672849655151
0.9949480891227722
1.0
0.9871273636817932
0.9498452544212341
0.9497484564781189
1.0
0.9864651560783386
0.9482901096343994
0.9223769307136536
0.9463130235671997
0.9047231674194336
0.973890483379364
0.9483011960983276
0.9386804699897766
0.9484896659851074
0.9402030110359192
0.9774328470230103
0.8875797390937805
0.9007764458656311
0.8460239171981812
0.8447988629341125
0.927004337310791
0.8634478449821472
0.9453813433647156
0.9052305817604065
0.9052304029464722
0.9064606428146362
0.9333834052085876
0.9782785177230835
0.9740051031112671
0.8910149335861206
0.9038934111595154
0.9402163028717041
0.9678948521614075
0.9891495704650879
1.0
0.9680315852165222
0.981438934803009
0.9366042017936707
0.9872222542762756
0.978374183177948
0.9625874161720276
0.9498791098594666
0.9464396238327026
0.9464395642280579
0.9142022132873535
0.9270375370979309
0.9412939548492432
0.9665508270263672
0.9138885736465454
0.8973844647407532
0.9452970027923584
1.0
0.9346028566360474
0.9433649182319641
1.0
1.0
0.9177412390708923
0.9854556322097778
0.9733079671859741
0.9701363444328308
0.9785761833190918
0.9698954820632935
0.9541800618171692
1.0
0.9676764607429504
0.9524531960487366
0.9687246680259705
1.0
1.0
0.9746681451797485
0.9912518858909607
1.0
1.0
1.0
1.0
0.9881565570831299
0.9675305485725403
1.0
0.9818661212921143
1.0
1.0
0.9362207055091858
0.9071839451789856
0.8977128267288208
0.9242412447929382
0.9222332835197449
0.9088153839111328
0.9701645970344543
0.9945922493934631
0.9199287295341492
0.866257905960083
0.8610876798629761
0.8761982917785645
0.8630239963531494
0.9424698948860168
1.0
0.958544909954071
0.9948603510856628
1.0
0.989862859249115
1.0
1.0
0.997185468673706
1.0
0.9232000708580017
0.8918852210044861
0.9482909440994263
0.9841751456260681
0.8751882910728455
0.8854402899742126
0.8748436570167542
0.9335924983024597
0.8491590023040771
0.9185726046562195
0.894618809223175
0.8463963866233826
0.8534042239189148
0.9334374666213989
0.929207980632782
0.9292078018188477
0.9404506683349609
0.9136035442352295
0.9558485746383667
0.9868485331535339
0.9903613328933716
1.0
1.0
0.8911702036857605
1.0
0.9731913208961487
1.0
1.0
0.9366551041603088
0.9578733444213867
1.0
0.9758849740028381
0.934384822845459
0.9709204435348511
0.9915595054626465
0.991559624671936
0.9915594458580017
1.0
1.0
0.9805310368537903
1.0
0.9988548159599304
1.0
0.9533983469009399
0.9957708120346069
0.9279682636260986
1.0
1.0
1.0
0.9563088417053223
0.9834097623825073
0.9339159727096558
0.9002413749694824
0.96816086769104
0.8893548250198364
0.9329518675804138
0.9019186496734619
0.9509207606315613
1.0
1.0
0.9758980870246887
0.9503486156463623
0.9413473606109619
0.9206072092056274
0.8759815692901611
0.8788301944732666
0.9480193257331848
0.9413607716560364
0.9293649196624756
0.9629460573196411
0.8969771265983582
0.9227160811424255
0.96672523021698
0.9427394270896912
0.8987277150154114
0.898727536201477
0.9555397629737854
0.9400940537452698
0.93869549036026
0.9129051566123962
0.9561321139335632
0.9843982458114624
0.9407955408096313
0.9031540155410767
0.8891444206237793
0.8535037636756897
0.8540685772895813
0.9157760739326477
0.9299852252006531
0.9429743885993958
0.8997601270675659
0.9073558449745178
0.933893084526062
0.8960890769958496
0.9126570224761963
0.9095896482467651
0.9095895290374756
0.9936827421188354
0.9712199568748474
0.9450603723526001
0.9185554385185242
0.936687171459198
0.9730473756790161
0.9874870777130127
1.0
1.0
1.0
0.9835897088050842
1.0
0.9439095258712769
0.9600041508674622
0.9075695276260376
0.9702613949775696
0.9720688462257385
0.9853135347366333
0.9895840287208557
0.9895840287208557
0.976478636264801
1.0
1.0
0.9910308122634888
1.0
0.9929870367050171
0.9986755847930908
0.9731938242912292
0.9693088531494141
0.9599599838256836
0.9458683133125305
0.9814459085464478
0.9792922735214233
0.9139119386672974
0.9237648844718933
0.9481472969055176
0.942166268825531
0.9455854296684265
0.9201217293739319
0.9201215505599976
0.9238805770874023
0.9505908489227295
0.9308644533157349
0.9642687439918518
0.9577044248580933
0.9584964513778687
0.881008505821228
0.925322413444519
0.9263545274734497
0.8907169103622437
0.8738567233085632
0.9295325875282288
1.0
0.9290816187858582
0.9038631916046143
0.880193293094635
0.8603097200393677
0.8828672766685486
0.853491485118866
0.9160493612289429
0.9210929870605469
0.9531907439231873
0.8973978757858276
0.8390733599662781
0.9123859405517578
0.9488956332206726
0.9547111392021179
0.9656841158866882
0.9690765142440796
1.0
1.0
1.0
1.0
1.0
0.9459968209266663
1.0
0.9558649659156799
1.0
1.0
1.0
1.0
0.9818354845046997
1.0
1.0
1.0
0.9402315616607666
0.9645788073539734
1.0
0.9761389493942261
0.9801610112190247
0.9827841520309448
1.0
1.0
1.0
0.9971854090690613
0.9854736328125
1.0
1.0
0.9911255240440369
0.9976884126663208
0.991927981376648
1.0
1.0
1.0
0.9451820254325867
0.9538482427597046
0.8910952806472778
0.9222541451454163
0.8922641277313232
0.9690055251121521
0.9690054059028625
0.987452507019043
0.9271814823150635
0.9322517514228821
0.8937762975692749
0.8612961173057556
0.8943472504615784
0.8579614162445068
0.870475709438324
0.9428547024726868
0.9873150587081909
0.920200765132904
0.8903161883354187
0.9019789695739746
0.9369305968284607
0.9518998265266418
0.9317864775657654
0.9115437269210815
0.9436473250389099
0.8945995569229126
0.8555363416671753
0.8513771295547485
0.9032381772994995
0.9400507807731628
0.8680124878883362
0.8822692632675171
0.8585119843482971
0.8981951475143433
0.853221595287323
0.8427512645721436
0.8223679661750793
0.8349205255508423
0.8330852389335632
0.865971565246582
0.8322908878326416
0.8848099112510681
0.9467036724090576
0.998540997505188
1.0
1.0
1.0
0.9174235463142395
0.9478983283042908
0.9945095777511597
0.9804182648658752
0.8924356698989868
0.9627387523651123
0.9165796041488647
1.0
0.9212049841880798
0.9199844002723694
0.9260364174842834
0.997063398361206
0.8800506591796875
1.0
1.0
0.9400660395622253
0.924006998538971
1.0
0.9396036863327026
0.9087572693824768
0.9401759505271912
0.8948954343795776
0.8948952555656433
0.8882954120635986
0.9095430374145508
0.8962568640708923
0.8471682071685791
0.8437622785568237
0.8530512452125549
0.9100229740142822
0.946064293384552
0.9600359797477722
0.9691243767738342
0.843018651008606
0.8714446425437927
0.8632851839065552
0.8762838840484619
0.8268767595291138
0.8072623014450073
0.8444170951843262
0.8561939001083374
1.0
0.9598667621612549
0.9823268055915833
1.0
