0.8884432911872864
0.8792988657951355
0.8906111717224121
0.8735045790672302
0.9411501884460449
0.896967887878418
0.8903683423995972
0.8798828721046448
0.88847815990448
0.9402438402175903
0.9505161046981812
0.9439098834991455
0.9399433135986328
0.9181361198425293
0.916417121887207
0.8818237781524658
0.853887677192688
0.8803526759147644
0.9296295046806335
0.8965736627578735
0.8883603811264038
0.8796135187149048
0.8717692494392395
0.8928451538085938
0.8475639224052429
0.9219463467597961
0.867351233959198
0.8639995455741882
0.9206971526145935
0.9122447967529297
0.8775272965431213
0.9430727958679199
0.9045895338058472
0.914624035358429
0.8982706665992737
0.8982704877853394
0.9044374823570251
0.8480494022369385
0.8961064219474792
0.9015408158302307
0.872255265712738
0.9233375191688538
0.9001636505126953
0.8819642066955566
0.8565165996551514
0.8585172891616821
0.9048764705657959
0.9321783185005188
0.9143561124801636
0.9575310945510864
0.9958766102790833
1.0
0.9330634474754333
0.995872437953949
0.955766499042511
0.9557663798332214
0.9372603893280029
0.9953126907348633
1.0
0.9662417769432068
1.0
0.9708105325698853
0.9840526580810547
0.9408547878265381
1.0
0.9721258282661438
0.974397599697113
0.9481029510498047
0.9344853758811951
0.991986870765686
0.9607042670249939
1.0
0.9529699087142944
0.9830400943756104
0.9768286943435669
0.9522677063941956
0.9497573375701904
0.9746035933494568
1.0
0.95797199010849
0.9968588948249817
1.0
0.9740604758262634
1.0
1.0
0.9956445097923279
0.9509955048561096
0.9585078954696655
0.8898777365684509
0.9741029739379883
0.9401511549949646
0.9965875744819641
0.9824137687683105
1.0
0.94794762134552
0.9479475617408752
0.9279373288154602
0.9927845597267151
0.9930746555328369
0.9975488185882568
0.9697280526161194
1.0
1.0
1.0
1.0
0.9801285862922668
0.9839784502983093
0.9562590718269348
0.885662853717804
0.916903018951416
0.9087828993797302
0.9499741196632385
1.0
0.9851094484329224
0.9441258907318115
0.9850345849990845
0.9951539039611816
0.97817063331604
1.0
0.9768795371055603
0.9806907773017883
0.978950560092926
1.0
0.9349010586738586
0.967681884765625
1.0
0.9830129742622375
0.9169981479644775
0.889910101890564
0.9345342516899109
0.9529054760932922
0.9317953586578369
0.9204344749450684
0.9604855179786682
0.9728577733039856
0.9728577136993408
0.972857654094696
0.9208491444587708
0.8833596706390381
0.9232100248336792
0.9065506458282471
0.923035740852356
0.8452202081680298
0.8411420583724976
0.9449767470359802
1.0
0.9803438186645508
0.957675576210022
0.9599852561950684
0.9043892621994019
0.9460854530334473
0.975986123085022
0.9501916766166687
0.97560715675354
1.0
0.9515538215637207
1.0
0.9815373420715332
0.9984273910522461
0.9744540452957153
0.9884517192840576
1.0
0.9999316930770874
0.9975753426551819
0.9977476000785828
0.9267159700393677
0.9912132024765015
0.9249030947685242
0.9657686948776245
0.9224163889884949
0.8909462690353394
0.8710193037986755
0.8710191249847412
0.8710189461708069
0.871581494808197
0.9301769733428955
0.9008659720420837
0.87806636095047
0.910302996635437
0.9044758677482605
0.9391235113143921
0.9469482898712158
0.9142711162567139
0.9546719789505005
0.9017829298973083
0.9058188796043396
0.9310265183448792
0.9354997873306274
0.8997114896774292
0.912776529788971
0.8835185766220093
0.9122043251991272
0.948451578617096
0.9392296671867371
0.9945199489593506
0.9867088198661804
1.0
0.9987964630126953
0.9788002967834473
1.0
0.990608811378479
1.0
0.9940824508666992
0.9701598882675171
0.9697153568267822
0.9783710837364197
1.0
1.0
0.9628474116325378
0.9582625031471252
0.973089337348938
0.9465185403823853
0.9315260648727417
0.8775337338447571
0.9694200754165649
0.9331432580947876
0.8489084839820862
0.8759585022926331
0.8787946105003357
0.8519783020019531
0.9328760504722595
0.9902536869049072
1.0
1.0
0.955169141292572
1.0
1.0
0.9768132567405701
1.0
1.0
0.9651756286621094
0.8764366507530212
0.9494506120681763
0.9405132532119751
0.9756336212158203
0.919141411781311
0.8540107607841492
0.9335674047470093
0.8889020085334778
0.962542712688446
0.9578894972801208
0.9523559808731079
0.9973234534263611
0.9969480633735657
0.9704316854476929
0.9653259515762329
0.9841024875640869
1.0
0.9736930131912231
0.9862757921218872
0.9602052569389343
0.9318941235542297
0.9078789949417114
0.9801251292228699
0.9731416702270508
0.9786273241043091
0.9382926225662231
0.9813646078109741
0.9194513559341431
0.9210126996040344
0.8850653767585754
0.9512104988098145
0.9260725378990173
0.8959541916847229
0.9386902451515198
0.9540858864784241
0.8749978542327881
0.9571406841278076
0.8876075148582458
0.8828506469726562
0.9362614154815674
0.9071301221847534
0.946810781955719
0.9468106627464294
0.9923924803733826
0.980829656124115
0.9826496839523315
0.9964616894721985
1.0
0.9436887502670288
0.9092739820480347
0.9472917318344116
0.9839966297149658
0.9388394951820374
1.0
0.9517078399658203
0.9857124090194702
0.9817861318588257
0.9817287921905518
1.0
0.9975614547729492
1.0
1.0
0.924956202507019
0.8874759674072266
0.8922706842422485
0.8775151968002319
0.8704286217689514
0.8534824848175049
0.8568808436393738
0.8524750471115112
0.8838434815406799
0.8553807735443115
0.8513328433036804
0.8518158197402954
0.888561487197876
0.8862128853797913
0.9146778583526611
0.8678449988365173
0.8579815626144409
0.9230122566223145
0.9037644863128662
0.9278755784034729
0.9406977891921997
0.9447824954986572
0.9642994403839111
0.9156559705734253
0.9272173643112183
0.9185557961463928
0.8459481000900269
0.9021782875061035
1.0
0.8862102031707764
0.9085458517074585
0.9164983630180359
0.9619349837303162
0.9387107491493225
0.9518118500709534
0.9566324353218079
0.9372169971466064
0.9578601717948914
0.9326661229133606
0.9591485261917114
0.9645385146141052
0.9338329434394836
0.8858484625816345
0.9510852098464966
0.9929726719856262
0.9373869299888611
0.9004803895950317
0.9322546124458313
0.890465497970581
0.9149176478385925
0.9333025217056274
0.8515491485595703
0.8984644412994385
0.8753271102905273
0.8841236233711243
0.8666715621948242
0.8757805824279785
0.9169290065765381
0.8960235714912415
0.954136073589325
0.9749131798744202
0.9804244637489319
0.9168955683708191
0.9610750079154968
0.9862902164459229
1.0
1.0
1.0
0.9332911968231201
0.8939645886421204
0.976830244064331
0.954561710357666
0.9883742928504944
0.9739766716957092
0.956670343875885
0.9683138728141785
0.9560816287994385
0.9560815691947937
0.9127761721611023
0.9558475017547607
0.9237591028213501
0.9091551303863525
0.9048242568969727
0.9292073249816895
0.9070144295692444
0.9390934705734253
0.9145000576972961
0.9348770976066589
0.999718427658081
0.9945277571678162
0.986579179763794
0.9952961802482605
0.9625570774078369
0.9462593793869019
0.9462593197822571
0.9689310193061829
0.9655461311340332
0.9795787930488586
0.9401394128799438
0.9683325886726379
0.9667375683784485
0.9770002365112305
0.9720274209976196
0.9398079514503479
0.9397532343864441
1.0
0.9539250135421753
1.0
1.0
0.9648775458335876
0.9821653962135315
0.9802254438400269
0.9398260712623596
0.9114652872085571
0.9910503029823303
0.94991135597229
0.9394977688789368
0.8650038242340088
0.8774073719978333
0.8453181385993958
0.8847061991691589
0.8507403135299683
0.8448215126991272
0.8962629437446594
0.9028283953666687
0.8797321915626526
0.9237959384918213
0.9237958192825317
0.9237957000732422
0.9072228074073792
0.945411205291748
0.8741723299026489
0.9715914130210876
0.8869447708129883
0.9099428057670593
0.9635475277900696
0.946416437625885
0.9152147173881531
0.9620416760444641
0.9127914905548096
0.9438603520393372
0.9934123754501343
1.0
0.9371378421783447
0.9150779247283936
1.0
0.9985015988349915
0.9603254795074463
0.9591601490974426
0.9970110654830933
1.0
0.9570215940475464
0.9774183630943298
0.9729655981063843
0.959610104560852
0.9678115248680115
0.9432119131088257
0.8715246915817261
0.8884792923927307
0.8511170148849487
0.8746362328529358
0.8765973448753357
0.8966303467750549
0.8966301679611206
0.8732646107673645
0.922174334526062
0.9538885951042175
0.9534681439399719
0.8788995146751404
0.9175505638122559
0.9303130507469177
0.9793000221252441
1.0
0.9295243620872498
0.9974486827850342
0.964972734451294
1.0
0.9638711214065552
0.8633037805557251
0.9376572370529175
0.9376571178436279
0.8745788931846619
0.9217746257781982
0.9258508682250977
0.895555317401886
0.9000699520111084
0.913360059261322
0.9459487199783325
0.9771644473075867
0.9819459319114685
1.0
1.0
0.954820990562439
1.0
0.9865556955337524
1.0
0.9714378714561462
0.9772435426712036
0.9772434830665588
0.9630297422409058
0.9662126302719116
0.9581828117370605
0.9542332291603088
0.9278730750083923
0.9067374467849731
0.8851719498634338
0.8754717111587524
0.8788012266159058
0.9004919528961182
0.8841512799263
0.906000018119812
0.8889611959457397
0.9437857866287231
0.9745574593544006
0.971493124961853
1.0
0.97623610496521
1.0
0.9748513102531433
0.9877340197563171
0.9916432499885559
0.9535830020904541
0.9081412553787231
0.9917638301849365
0.9570784568786621
1.0
0.9871578216552734
1.0
0.9722192883491516
0.9966130256652832
1.0
0.9864028692245483
1.0
0.9763792753219604
1.0
1.0
0.9545303583145142
0.9747651815414429
0.9404714703559875
0.9351290464401245
0.8956261277198792
0.9256675243377686
0.9379034042358398
0.9395182728767395
0.9281471371650696
0.8841516971588135
0.8594992756843567
0.8762343525886536
0.8749297857284546
0.8887942433357239
0.8873127698898315
0.862066924571991
0.9116672277450562
0.9292276501655579
0.8644402623176575
0.9031978249549866
0.8645995259284973
0.9378272891044617
0.9494998455047607
0.88502436876297
0.9755526781082153
0.953217625617981
0.9217700958251953
0.9587029814720154
0.9587029218673706
0.9398109316825867
0.9507373571395874
0.9533786177635193
0.9599948525428772
1.0
1.0
1.0
1.0
0.9914849400520325
0.980923593044281
1.0
0.8987593650817871
0.9414557218551636
0.9389611482620239
0.9055569171905518
0.9556066989898682
0.9225841760635376
0.920439600944519
0.9309077858924866
0.8950358629226685
0.9041370153427124
0.890841007232666
0.9171376824378967
0.8863241076469421
0.8988856077194214
0.9561254978179932
1.0
0.96688312292099
0.9825018048286438
0.9744551181793213
0.9241396188735962
0.9516674280166626
0.9516673684120178
0.9070027470588684
0.9562419056892395
0.9276632070541382
0.9435379505157471
0.9690093994140625
0.9854075908660889
0.964478611946106
0.9453597068786621
0.9643425345420837
0.9444617629051208
0.9781911373138428
0.9132394194602966
0.9673717617988586
0.9591322541236877
0.9772664308547974
0.9791345596313477
1.0
0.9662300944328308
0.9592958092689514
1.0
0.9632858037948608
0.9709837436676025
0.950644850730896
0.8948167562484741
0.9058011770248413
0.8882967829704285
0.9105839133262634
0.9383618831634521
0.8845562934875488
0.9231300950050354
0.9231299757957458
0.901896059513092
0.9185885787010193
0.8740610480308533
0.8828849196434021
0.8640193939208984
0.8799871802330017
0.9144059419631958
0.9501378536224365
0.9770123362541199
0.9478611350059509
0.9688695669174194
0.9603774547576904
0.9775876998901367
0.8966361284255981
0.9343755841255188
0.9031269550323486
0.9198797941207886
0.9098153710365295
0.9513635635375977
0.9390810132026672
0.9605367183685303
0.9477074146270752
0.9729934334754944
0.956593930721283
1.0
0.974047839641571
0.9738859534263611
0.9708253145217896
0.9886138439178467
0.9841043949127197
1.0
0.9458830952644348
0.9849962592124939
0.8758634328842163
0.8589233756065369
0.9105451107025146
0.9093247652053833
0.8750496506690979
0.9006651639938354
0.915245771408081
0.8829818964004517
0.9131977558135986
0.9101606607437134
0.9575557112693787
0.9209403395652771
0.9832792282104492
0.9167321920394897
0.9516785144805908
0.9389914274215698
1.0
0.9362214803695679
0.8772786855697632
0.9080199003219604
0.8649560809135437
0.8620810508728027
0.868416965007782
0.8859682083129883
0.9792146682739258
0.90451979637146
0.9282461404800415
0.9215447306632996
0.9098125696182251
0.9098123908042908
0.8576923608779907
0.9422188997268677
0.9386746883392334
0.9826961755752563
0.9882696866989136
0.9247792959213257
0.9501965641975403
0.96527099609375
0.9389569759368896
0.9998491406440735
1.0
0.9611055850982666
0.9467312693595886
0.9574496746063232
0.951260507106781
0.9173998832702637
0.990390419960022
0.9951762557029724
0.9917142391204834
1.0
0.9512563943862915
0.976283073425293
0.9654942154884338
0.9989583492279053
0.9909415245056152
0.9469420909881592
1.0
0.9595892429351807
0.9740695357322693
0.9740694761276245
0.925456166267395
0.9053625464439392
0.8707280158996582
0.9496867060661316
0.857803463935852
0.8538127541542053
0.8530613780021667
0.87453693151474
0.8872298002243042
0.8964695334434509
0.8959978222846985
0.8491382002830505
0.8772343397140503
0.8909060955047607
0.9138016104698181
0.9071269035339355
0.9440983533859253
1.0
1.0
0.915064811706543
0.9384416937828064
0.9283327460289001
0.9647682309150696
0.9118015170097351
1.0
0.9432168006896973
0.9074114561080933
0.9741998314857483
0.9288178086280823
0.8784968852996826
0.8865483403205872
0.9127178192138672
0.8961881995201111
0.9309965968132019
0.9446369409561157
0.9301313161849976
0.9099648594856262
0.9132874011993408
0.8688822984695435
0.9380326867103577
0.9168485403060913
0.8916096687316895
0.9455359578132629
0.9623752236366272
0.9342988729476929
0.8933658599853516
0.9358296990394592
0.862951934337616
0.9011844396591187
0.9316391348838806
0.9575513601303101
0.9115925431251526
0.8425061106681824
0.8963375687599182
1.0
0.920427680015564
0.9987002015113831
0.970465898513794
1.0
0.9710181951522827
0.939890444278717
0.9632156491279602
0.9548043608665466
0.9749950766563416
1.0
1.0
0.9768463969230652
1.0
1.0
0.9772911667823792
0.9687619805335999
0.9712125062942505
1.0
0.9572134613990784
0.9433733224868774
1.0
1.0
0.9715641140937805
0.94193434715271
0.9505907297134399
0.9310204386711121
0.9183723330497742
0.9149578213691711
0.976229727268219
0.9926485419273376
0.9552266597747803
1.0
0.9308217167854309
0.947476863861084
0.9136927127838135
0.9834966659545898
0.9584502577781677
1.0
0.9390860795974731
0.9385234117507935
0.9167178273200989
0.9108685851097107
0.8412340879440308
0.9135556221008301
0.8923757076263428
0.8923755288124084
0.8923753499984741
0.8900023698806763
0.8552713394165039
0.8470460176467896
0.8994720578193665
0.9396824836730957
0.9227230548858643
0.9306895136833191
0.9606049060821533
1.0
0.9691143035888672
0.9578446745872498
0.8962371945381165
0.9158517718315125
0.9743222594261169
0.9973517656326294
0.9610951542854309
0.9858189821243286
0.9944819808006287
0.9409624338150024
0.9847514629364014
1.0
0.9973645210266113
0.9819900393486023
0.8915721774101257
0.9088329076766968
0.9431938529014587
0.9946091771125793
1.0
1.0
0.9611344933509827
0.9690253734588623
0.9850961565971375
0.9908461570739746
1.0
0.9947565197944641
1.0
0.9218345284461975
0.9811526536941528
0.9647085666656494
1.0
0.9949926137924194
0.9330345392227173
0.9651166796684265
0.9629360437393188
0.8963926434516907
0.9066556096076965
0.9053347706794739
0.8956258296966553
0.8317664861679077
0.8317662477493286
0.8774640560150146
0.8356350660324097
0.8422608375549316
0.9084241986274719
0.9656234979629517
0.8876487016677856
0.9533014297485352
0.9002094268798828
0.9562356472015381
0.9529011249542236
0.9210852384567261
0.9088041186332703
0.9206328392028809
0.935839056968689
0.8516600728034973
0.8516597747802734
0.8677011728286743
0.8586357831954956
0.8918989896774292
0.9066912531852722
0.8288034200668335
0.8827740550041199
0.8502746820449829
0.8792198896408081
0.8642576932907104
0.896510660648346
0.8439546227455139
0.8907455801963806
0.9307116866111755
0.885123610496521
0.9098432064056396
0.899081826210022
0.8536438941955566
0.8891845941543579
0.9039592742919922
0.9228389859199524
0.8792877793312073
0.8382785320281982
0.8715019822120667
0.8840832114219666
0.8856182098388672
0.9399633407592773
0.8662733435630798
0.8745783567428589
0.9291187524795532
0.8651066422462463
0.8909371495246887
0.9561132788658142
0.8593468070030212
0.9244599938392639
0.9244598746299744
0.9775186777114868
0.9527224898338318
0.9963067173957825
0.9539468884468079
1.0
0.9691576361656189
1.0
0.9825332164764404
1.0
0.9682053923606873
1.0
1.0
0.9900489449501038
0.9749456644058228
1.0
0.9912815690040588
1.0
1.0
0.9976129531860352
1.0
0.9678621888160706
0.9246271252632141
0.9673081040382385
0.9905593395233154
0.9284502267837524
0.92338627576828
0.9588393568992615
0.929120659828186
0.9374638199806213
0.9222239851951599
0.9039644002914429
0.9034841656684875
0.9205681681632996
0.9886825680732727
0.9479754567146301
0.9235159158706665
0.9859158992767334
0.9235385656356812
0.9487718939781189
0.9570555686950684
1.0
0.9605385065078735
0.9685719013214111
0.9462403655052185
0.8754259347915649
0.8978656530380249
0.9148187637329102
0.9319907426834106
0.9821017384529114
1.0
0.9497321248054504
0.8920233249664307
0.8530434966087341
0.853043258190155
0.8919642567634583
0.9108700156211853
0.9214670658111572
0.9402486085891724
0.9126251935958862
0.9250425100326538
0.9582594037055969
0.8819713592529297
0.955504298210144
0.8723741769790649
0.9128561019897461
0.9113560914993286
0.9609672427177429
0.9933592081069946
0.9576823711395264
0.9924309253692627
0.9231076836585999
0.9231075644493103
0.9947081804275513
0.9866730570793152
0.9541614651679993
0.9360947608947754
0.9977708458900452
0.9973715543746948
0.9681960940361023
0.9405607581138611
0.9766485095024109
1.0
0.9882553815841675
0.9589249491691589
1.0
0.9615288972854614
0.956387460231781
0.9972294569015503
0.9852529764175415
1.0
1.0
1.0
0.9969639778137207
0.9577904939651489
0.9383194446563721
1.0
1.0
0.9590163826942444
0.9800291061401367
0.9585652351379395
0.907025933265686
0.8765613436698914
0.8885666728019714
0.8673494458198547
0.9202671647071838
0.9812428951263428
0.9750624299049377
0.9421117305755615
0.8601210713386536
0.9489094018936157
0.9191792011260986
0.9421015381813049
0.9260885715484619
0.9167062640190125
0.9366714358329773
0.9498656392097473
0.936760425567627
0.9485116004943848
0.984155535697937
0.9860295057296753
0.9831181168556213
0.9675005674362183
1.0
0.9778921604156494
0.9778921604156494
0.9865503907203674
0.993622362613678
0.9874981045722961
0.9680123329162598
0.9455983638763428
0.9432844519615173
0.9575738906860352
0.9903661608695984
0.9818959832191467
1.0
1.0
0.9912115335464478
0.9856365323066711
1.0
0.9483011960983276
0.932577908039093
0.9739725589752197
0.9690929055213928
0.9537520408630371
0.9937242865562439
1.0
0.9669127464294434
0.9811192154884338
0.9236948490142822
0.9487079977989197
0.9126362204551697
0.9351145625114441
0.8952541947364807
0.884721577167511
0.8415018916130066
0.8447064161300659
0.8834083080291748
0.8813285827636719
0.9354123473167419
0.9061667323112488
0.9253101348876953
0.9798287749290466
0.9453119039535522
0.9059184193611145
0.9412348866462708
0.9821443557739258
0.9734801650047302
0.9221227169036865
0.9109137654304504
0.9621859192848206
0.9957202076911926
0.9100794792175293
0.9125471711158752
0.9838547110557556
0.9384810328483582
0.9067563414573669
0.9745302796363831
1.0
0.9189081788063049
0.9691091179847717
0.9059186577796936
0.9544552564620972
0.9627165794372559
0.9580036401748657
0.9614441394805908
0.8971834778785706
0.9677800536155701
0.9346416592597961
0.9171124696731567
0.8769617080688477
0.949653148651123
0.9065977931022644
0.8999860882759094
0.9632522463798523
0.9884864091873169
0.8908810615539551
0.9292288422584534
0.9056065678596497
0.9405385255813599
0.9504760503768921
0.9824395179748535
0.9359760880470276
0.91693115234375
0.9679433703422546
0.943423330783844
0.9749429821968079
1.0
0.9979977011680603
0.9558732509613037
0.927101194858551
0.9569735527038574
0.9231480360031128
0.9551636576652527
0.9910074472427368
0.8859806656837463
0.9712119698524475
0.9278444647789001
0.9591221809387207
0.9565011262893677
0.8934724926948547
0.9147270321846008
0.9380528926849365
0.9037955403327942
