1.0
0.9892371296882629
0.9927579164505005
0.9927578568458557
1.0
1.0
1.0
1.0
0.9913493990898132
0.9805182814598083
0.9948723912239075
0.9975751638412476
0.9330049157142639
0.929577648639679
0.9491186141967773
0.9068939089775085
0.9025160670280457
0.982264518737793
0.9629969000816345
0.9415012001991272
0.9301103353500366
0.9028586149215698
0.9728928804397583
0.948016345500946
0.8998399972915649
0.9709801077842712
0.9893124103546143
1.0
1.0
1.0
0.9554765224456787
0.9999774098396301
0.9379087090492249
0.9792683124542236
0.9988662600517273
0.9310969114303589
0.9759097695350647
0.9271409511566162
0.8788517117500305
0.906912088394165
0.9081729650497437
0.9005585312843323
0.9080367088317871
0.8941898345947266
0.9781562089920044
1.0
0.9892812371253967
0.989281177520752
1.0
1.0
1.0
0.9956352710723877
0.9190694093704224
0.9154835343360901
0.9014280438423157
0.9559497833251953
0.989885151386261
0.9522058367729187
0.8973990678787231
0.9401293992996216
0.939991295337677
0.9205201864242554
0.9619343876838684
0.9517489075660706
0.8593423962593079
0.9159056544303894
1.0
0.9536185264587402
0.9698777794837952
0.9488425254821777
0.903332531452179
0.9220174551010132
0.9112628698348999
0.9218000173568726
0.9217997789382935
0.9765382409095764
0.9691077470779419
0.9113931059837341
0.9532032012939453
0.9095342755317688
0.9824649691581726
0.9478603005409241
0.9414607286453247
0.9990848302841187
1.0
0.9452624917030334
0.9552602171897888
0.9633579254150391
0.9631639122962952
0.9776483178138733
1.0
1.0
1.0
0.9747008085250854
1.0
1.0
0.9535953998565674
1.0
0.9666997194290161
0.9892809987068176
0.9638006091117859
0.959855318069458
0.9572937488555908
0.9097209572792053
0.9034925699234009
0.9072655439376831
0.8690163493156433
0.9316642880439758
0.8211191296577454
0.9201986789703369
0.919314444065094
0.8247115612030029
0.7859795689582825
0.7931166291236877
0.796909511089325
0.7969088554382324
0.8893371820449829
0.8402965068817139
0.8720149397850037
0.8320053815841675
0.8423730134963989
0.8442656397819519
0.7911490797996521
0.7907565832138062
0.8199968934059143
0.7940665483474731
0.8425095081329346
0.7709508538246155
0.7376313805580139
0.7126958966255188
0.8067442774772644
0.8022213578224182
0.7758350968360901
0.7897292971611023
0.7856014370918274
0.9142940640449524
0.9114192128181458
0.9041033387184143
0.8129203915596008
0.9757472276687622
0.9023295044898987
0.9210620522499084
0.9210616946220398
1.0
1.0
0.9832812547683716
0.9566026329994202
1.0
1.0
1.0
0.9982817769050598
1.0
1.0
1.0
1.0
0.9788011312484741
1.0
0.9964872598648071
1.0
0.9617086052894592
1.0
0.9581758379936218
0.9502307176589966
0.9849123954772949
0.9956201314926147
0.9689499735832214
0.9386245608329773
0.9701569080352783
0.9408270716667175
0.9408268332481384
0.8939716815948486
0.8555936217308044
0.8148559927940369
0.890964686870575
0.8788439631462097
0.8240369558334351
0.8361796736717224
0.847909152507782
0.7595364451408386
0.7526623606681824
0.7129179835319519
0.8045599460601807
0.7990319728851318
0.7824262380599976
0.7626836895942688
0.7293797135353088
0.6824892163276672
0.6845803260803223
0.6998580098152161
0.7390708923339844
0.7433082461357117
0.7224081754684448
0.6726222634315491
0.6359148025512695
0.6359127759933472
0.6215417385101318
0.612626850605011
0.6353292465209961
0.6811350584030151
0.7464014887809753
0.7282425761222839
0.7622198462486267
0.7240173816680908
0.759322464466095
0.7735440135002136
0.930472731590271
1.0
1.0
1.0
0.9753251075744629
1.0
1.0
0.908137857913971
1.0
0.9398660063743591
0.9188938736915588
0.903508186340332
0.8491962552070618
0.9909713268280029
1.0
1.0
1.0
1.0
0.958128035068512
0.8609870672225952
1.0
1.0
1.0
1.0
1.0
1.0
0.9513159394264221
1.0
0.9830106496810913
1.0
0.9798014163970947
1.0
0.9884272813796997
1.0
0.9976204633712769
1.0
0.9630957245826721
0.9715697169303894
0.9172085523605347
0.8801001310348511
0.9065987467765808
0.8649120330810547
0.850118100643158
0.9294739961624146
0.9070931673049927
0.8644143342971802
0.846596360206604
0.8595318794250488
0.9147190451622009
0.8523430228233337
0.9308276176452637
0.8390604257583618
0.8394826054573059
0.8888024091720581
0.9106428027153015
0.8854091763496399
0.8434106111526489
0.8156079053878784
0.854424238204956
0.7841638326644897
0.7691085338592529
0.8074949383735657
0.8581074476242065
0.8550683856010437
0.9042321443557739
0.8982132077217102
0.8537248373031616
0.9607213735580444
0.8664777278900146
0.9918445944786072
0.9246352910995483
0.8957140445709229
0.9529137015342712
0.9185844659805298
0.9834035634994507
1.0
0.9789133667945862
1.0
1.0
0.9978834986686707
1.0
1.0
0.98527592420578
0.9911167025566101
0.9916828870773315
1.0
1.0
1.0
1.0
1.0
0.9737105965614319
0.9845308065414429
0.9765937924385071
1.0
0.9925156235694885
0.9754790663719177
0.950144350528717
0.9253796339035034
0.9112766981124878
0.8832791447639465
0.8761023283004761
0.861123263835907
0.9126249551773071
0.9084980487823486
0.8275353908538818
0.8670120239257812
0.8670116066932678
0.8321377038955688
0.8877122402191162
0.8693735599517822
0.8840684294700623
0.7976481914520264
0.8450272083282471
0.8290941715240479
0.7989527583122253
0.744480311870575
0.8364155292510986
0.7616753578186035
0.7500098347663879
0.7876874804496765
0.834693431854248
0.7883091568946838
0.806054413318634
0.7581225037574768
0.6907041668891907
0.6904642581939697
0.8614830374717712
0.9569432139396667
1.0
0.9285624623298645
1.0
0.982595682144165
1.0
1.0
1.0
1.0
1.0
0.987676203250885
0.9609580039978027
1.0
1.0
0.972277820110321
1.0
1.0
1.0
0.9632623791694641
0.9853206276893616
0.999585747718811
1.0
1.0
0.988399088382721
1.0
0.9471626281738281
0.9231883883476257
0.9083488583564758
0.9088746309280396
0.8947722315788269
0.8757020831108093
0.8719539046287537
0.8627635836601257
0.9564410448074341
0.9480729103088379
0.8723402619361877
0.8599935173988342
0.8636727333068848
0.888900637626648
0.8242772221565247
0.8429549336433411
0.932523787021637
0.8980739116668701
0.8914059400558472
0.892337441444397
0.9132983684539795
0.9058077335357666
0.9158705472946167
0.9647326469421387
0.9726459383964539
1.0
1.0
1.0
1.0
1.0
1.0
0.9207582473754883
0.941707968711853
0.9525304436683655
0.9615269899368286
0.9968884587287903
1.0
1.0
1.0
0.9890234470367432
0.9974069595336914
1.0
1.0
1.0
1.0
0.984795868396759
0.9921581745147705
0.9849584698677063
0.9737985730171204
0.9725363850593567
0.9475839734077454
0.8843573331832886
0.8615342378616333
0.8683297038078308
0.9604479670524597
0.9041721224784851
0.8552363514900208
0.8423332571983337
0.9073262810707092
0.8725196719169617
0.8895391225814819
0.8347277641296387
0.8921474814414978
0.8515718579292297
0.825149655342102
0.8879778385162354
0.9250102639198303
0.917637288570404
0.7951983213424683
0.8227670788764954
0.7593683004379272
0.7692207098007202
0.8704248666763306
0.8627603650093079
0.8458390831947327
0.8318563103675842
0.9518766403198242
0.8992953896522522
0.9583137631416321
0.9872607588768005
0.9872607588768005
1.0
1.0
0.9972209930419922
1.0
1.0
1.0
0.9429246187210083
1.0
1.0
0.9986473917961121
1.0
1.0
1.0
1.0
1.0
1.0
1.0
1.0
1.0
0.9932267069816589
0.9152559638023376
0.882534384727478
0.8654513955116272
0.886835515499115
0.8526456356048584
0.953222930431366
0.934223473072052
0.8536410331726074
0.932913601398468
0.9320967793464661
0.9709634780883789
0.9341062307357788
0.9356011748313904
0.9072136282920837
0.8644403219223022
0.8881135582923889
0.9414971470832825
0.9151355028152466
0.9568777084350586
0.9746230244636536
0.9921870827674866
0.9596369862556458
1.0
0.9540475010871887
0.969594419002533
0.9510066509246826
0.9510065317153931
1.0
1.0
1.0
0.993863582611084
1.0
0.9975416660308838
1.0
1.0
0.9807509779930115
0.9851252436637878
0.9677799344062805
0.9861404299736023
0.9887198209762573
0.9728400707244873
1.0
0.9635518193244934
0.9806684255599976
0.9964203834533691
0.9169451594352722
0.9159507155418396
0.9231868386268616
0.883998453617096
0.900738000869751
0.9077980518341064
0.8678821921348572
0.952499508857727
0.9362887740135193
0.8797107934951782
0.8773958683013916
0.8444272875785828
0.8414108157157898
0.855169951915741
0.8578423857688904
0.8791058659553528
0.8197789192199707
0.7976396083831787
0.7776039242744446
0.8784422874450684
0.835789680480957
0.8860176801681519
0.9174894094467163
0.9519817233085632
0.8460819125175476
0.92154461145401
0.8804721832275391
0.9574787020683289
0.9574785828590393
0.8567866683006287
0.9885253310203552
1.0
1.0
1.0
1.0
1.0
1.0
0.9328842759132385
0.9999990463256836
1.0
1.0
0.9622695446014404
1.0
1.0
0.982443630695343
1.0
1.0
0.9680916666984558
1.0
0.9944468140602112
1.0
1.0
0.979595422744751
0.9655106067657471
0.9583943486213684
0.9347761273384094
0.9551717042922974
0.9458639025688171
0.9309208393096924
0.9704268574714661
0.9223098158836365
0.9333580732345581
0.8481166362762451
0.8558228611946106
0.8503956198692322
0.9503946900367737
0.8578138947486877
0.8653202056884766
0.8945828676223755
0.9159561991691589
0.8225660920143127
0.8871952891349792
0.9169970154762268
0.9072315692901611
0.9400914311408997
0.9378769993782043
0.9741619825363159
0.971055269241333
0.9105930328369141
0.9725165963172913
0.9839197397232056
0.9801605343818665
0.9758384227752686
0.9956972002983093
0.9918193817138672
1.0
1.0
1.0
0.9878526926040649
0.9985394477844238
0.9880383610725403
0.982416033744812
0.926344633102417
0.8981878161430359
0.9027082324028015
0.930274248123169
0.8101001977920532
0.8998920321464539
0.8496965765953064
0.8680275082588196
0.8720828294754028
0.8401697278022766
0.8679957389831543
0.8940219879150391
0.8852367401123047
0.7996819615364075
0.8463969230651855
0.8937653303146362
0.920971155166626
0.9034516215324402
0.9510683417320251
1.0
0.9092336893081665
1.0
1.0
0.9935171008110046
1.0
1.0
1.0
1.0
1.0
1.0
1.0
0.9953779578208923
1.0
0.9770596027374268
0.9561544060707092
0.9439891576766968
0.8762246966362
0.9142231941223145
0.9118993878364563
0.9302349090576172
0.9359070062637329
0.8928075432777405
0.8829599022865295
0.9143373370170593
0.8730050921440125
0.8242864012718201
0.9022567272186279
0.9010533690452576
0.9583261609077454
0.9711291193962097
0.9103097915649414
0.960143506526947
0.9533743858337402
1.0
0.9587399363517761
0.977759599685669
1.0
0.9917618632316589
1.0
0.9523935914039612
0.9705780148506165
1.0
1.0
0.9912267327308655
1.0
0.9685702919960022
0.9530131816864014
0.9901394248008728
1.0
1.0
1.0
0.981880247592926
0.9951091408729553
0.9363867044448853
0.9485598206520081
0.853683352470398
0.8387474417686462
0.8527823686599731
0.9186298251152039
0.8417017459869385
0.8418248891830444
0.837499737739563
0.8647611141204834
0.8757306337356567
0.8598355054855347
0.8768352270126343
0.8972404599189758
0.8606500625610352
0.875200092792511
0.8508993983268738
0.8482972383499146
0.9821639657020569
1.0
0.9112350344657898
0.8916753530502319
0.8968468904495239
0.9837735891342163
0.9638878703117371
1.0
1.0
1.0
1.0
1.0
0.9632808566093445
1.0
0.9560340046882629
1.0
0.9728289246559143
1.0
1.0
0.9259147047996521
0.9834751486778259
1.0
0.9490470886230469
0.9286004900932312
0.8804525136947632
0.8837207555770874
0.8459827899932861
0.8874446749687195
0.8596155643463135
0.8830078840255737
0.915274977684021
0.825011670589447
0.9152993559837341
0.9094305038452148
0.8815858364105225
0.8808385133743286
0.9129284620285034
0.8889009952545166
0.8889006972312927
0.828097403049469
0.8496856093406677
0.8449218273162842
0.8448007106781006
0.866310715675354
0.8410611152648926
0.8366280794143677
0.8505200147628784
0.8255081176757812
0.8192691206932068
0.8454585671424866
0.8395620584487915
0.9074116349220276
0.9450439214706421
0.9963535070419312
0.9858459830284119
1.0
1.0
1.0
0.9948766231536865
1.0
0.9756515026092529
0.9355371594429016
0.9215005040168762
0.9498631358146667
0.9321666359901428
0.9088241457939148
0.9410194158554077
0.866603434085846
0.8715664744377136
0.862444281578064
0.8479947447776794
0.8491852879524231
0.9194015860557556
0.8751198053359985
0.8249599933624268
0.8511870503425598
0.7772287130355835
0.8713198900222778
0.8705894351005554
0.8535795211791992
0.8135098814964294
0.7939152717590332
0.7833776473999023
0.8026161789894104
0.8577103614807129
0.9643972516059875
0.9817288517951965
1.0
0.9759024381637573
1.0
1.0
1.0
1.0
0.9525392651557922
1.0
1.0
1.0
1.0
1.0
0.9672141671180725
1.0
1.0
1.0
0.9653469324111938
1.0
0.9778263568878174
0.9333224892616272
0.9080983400344849
0.8634279370307922
0.8526783585548401
0.9033292531967163
0.9242940545082092
0.8804806470870972
0.8700249791145325
0.8716566562652588
0.8950764536857605
0.8578348755836487
0.8557183146476746
0.8921958804130554
0.9376705288887024
0.863740086555481
0.9545921087265015
0.9617831110954285
0.9322661757469177
0.9991568326950073
1.0
1.0
1.0
1.0
1.0
0.9866939187049866
1.0
1.0
1.0
1.0
1.0
1.0
0.9733434319496155
1.0
1.0
0.9852375984191895
1.0
0.999411940574646
0.979619562625885
0.9810230135917664
0.9818497896194458
0.941638708114624
0.9413479566574097
0.8677796721458435
0.9258570075035095
0.908742368221283
0.8244498372077942
0.8711553812026978
0.8412532210350037
0.8781148791313171
0.8782321810722351
0.8792763352394104
0.824506402015686
0.8040060997009277
0.863876223564148
0.8618289232254028
0.9074704051017761
0.9689415097236633
1.0
1.0
0.9604031443595886
0.9301896691322327
1.0
1.0
0.9932671189308167
1.0
0.9880355000495911
1.0
1.0
0.9980198740959167
1.0
0.9949015378952026
0.9874850511550903
1.0
1.0
1.0
1.0
1.0
1.0
0.9814783930778503
0.8966748714447021
0.9630788564682007
0.8837970495223999
0.8607867360115051
0.8750288486480713
0.8096702694892883
0.815816342830658
0.9057091474533081
0.8755775094032288
0.8496846556663513
0.8637261986732483
0.9170674085617065
0.8489486575126648
0.9228742718696594
0.828429102897644
0.7794412970542908
0.8494101166725159
0.8764313459396362
0.8897538185119629
0.8802571296691895
0.8587456345558167
0.8969093561172485
0.8580648899078369
0.9371815919876099
0.9960135817527771
1.0
0.9899027347564697
0.944252073764801
1.0
0.9596752524375916
1.0
0.9663722515106201
1.0
0.9931248426437378
0.9665707945823669
1.0
1.0
1.0
1.0
0.9478212594985962
1.0
0.9763202667236328
0.9270849227905273
0.9073038697242737
0.8865814208984375
0.9021558165550232
0.8711404800415039
0.864267110824585
0.8834848999977112
0.8559337258338928
0.9004323482513428
0.8391435742378235
0.8825689554214478
0.8742772340774536
0.8565099835395813
0.8958926796913147
0.8847284913063049
0.8938184976577759
0.8995883464813232
0.9319909811019897
0.8330236077308655
0.870486319065094
0.9552868604660034
1.0
1.0
1.0
0.9601374268531799
1.0
1.0
1.0
1.0
1.0
1.0
1.0
1.0
0.9997348785400391
1.0
0.9170328378677368
0.9509844183921814
0.9331789016723633
0.9243810772895813
0.9099540710449219
0.880744457244873
0.929078221321106
0.9095585346221924
0.8810284733772278
0.8402765989303589
0.9466294646263123
0.9427779316902161
0.9107925295829773
0.8573929667472839
0.8269580006599426
0.8595727682113647
0.8866425156593323
0.8817228078842163
0.8783340454101562
0.8591647744178772
0.8606497645378113
0.8874620199203491
0.8368240594863892
0.8488457202911377
0.8804870843887329
0.8554068207740784
0.8464913964271545
0.8309391736984253
0.7937829494476318
0.8984985947608948
