0.9844273924827576
0.9185175895690918
0.9641458988189697
0.8766273856163025
0.8781710863113403
0.9360136985778809
0.903174877166748
0.9045352339744568
0.861327588558197
0.9468493461608887
0.8572392463684082
0.9208770394325256
0.9606773257255554
0.9510102272033691
0.9510101079940796
0.8494890928268433
0.8974035978317261
0.9546988010406494
0.9502955079078674
0.9175965189933777
0.8306509852409363
0.9094992280006409
0.9034604430198669
0.89335036277771
0.956582248210907
0.9536788463592529
0.959460973739624
0.9437099099159241
0.9242814183235168
0.8808748722076416
0.9205843210220337
0.915527880191803
0.9068861603736877
0.9306985139846802
0.8555826544761658
0.8462583422660828
0.8599900603294373
0.8957571983337402
1.0
0.9011179208755493
1.0
1.0
1.0
0.9141602516174316
1.0
0.9574081897735596
0.9669760465621948
1.0
1.0
1.0
0.9484419822692871
1.0
0.9600465893745422
1.0
1.0
1.0
1.0
1.0
0.9704340696334839
1.0
1.0
1.0
0.9911654591560364
1.0
0.9214320778846741
0.9646002650260925
0.9247603416442871
0.9204894304275513
0.8955744504928589
0.9387074112892151
0.9353240132331848
0.8880268931388855
0.9147028923034668
0.85197514295578
0.9537510275840759
0.9691944718360901
0.900122880935669
0.8931540846824646
0.8700374364852905
0.8453023433685303
0.8882100582122803
0.8506704568862915
0.9289799928665161
0.9614882469177246
0.9664689302444458
0.9586855173110962
0.9242726564407349
1.0
0.9690527319908142
0.8856632113456726
0.9477482438087463
0.9727526307106018
0.9872663021087646
1.0
0.9314492344856262
0.9997898936271667
0.9045448899269104
0.9757024645805359
0.9231876730918884
0.9745514988899231
1.0
1.0
0.9753574132919312
1.0
1.0
0.9903982281684875
1.0
0.9999215602874756
1.0
1.0
1.0
1.0
1.0
1.0
1.0
0.9863260984420776
1.0
0.9628230333328247
0.9756479859352112
0.9421766400337219
0.9028363227844238
0.8916946649551392
0.8873061537742615
0.97249436378479
0.9204726219177246
0.8971311450004578
0.877212405204773
0.9265775084495544
0.9491180777549744
0.9725028276443481
0.9397115707397461
0.9598513245582581
0.9184449911117554
0.9397377967834473
0.8866403698921204
0.8938561081886292
0.8586049675941467
0.8143840432167053
0.8458473086357117
0.834003210067749
0.8679031729698181
0.867732048034668
0.8516358137130737
0.9014834761619568
0.8226596117019653
0.8623010516166687
0.8849858045578003
0.8961334824562073
0.9160361289978027
0.897081196308136
0.92082679271698
0.9669802784919739
0.9820719361305237
0.9451932311058044
0.9164333939552307
0.895331859588623
0.9101364016532898
0.9870535135269165
1.0
1.0
0.9892423152923584
1.0
0.9872944951057434
0.9675278067588806
0.9996381998062134
1.0
1.0
1.0
0.9844787120819092
1.0
0.9870609045028687
1.0
0.9089693427085876
0.9201292991638184
0.9379363059997559
0.850857675075531
0.8800480365753174
0.9082743525505066
0.8751264214515686
0.8713024854660034
0.8953701257705688
0.8711314797401428
0.8632102012634277
0.8726401329040527
0.8668146133422852
0.8270623683929443
0.8808532953262329
0.8645836114883423
0.9148809313774109
0.9030352234840393
0.9722376465797424
0.9169912338256836
1.0
1.0
1.0
0.9819707870483398
0.891829788684845
0.961131751537323
0.9316025972366333
0.9110043048858643
0.8729792833328247
0.8895171880722046
0.9235812425613403
0.9103394150733948
0.9125611186027527
0.9461609721183777
0.9480509757995605
0.9110590815544128
0.9110588431358337
0.9231784343719482
1.0
0.9939619898796082
0.9906319379806519
1.0
0.9901054501533508
0.960180401802063
1.0
1.0
0.9524369835853577
1.0
0.9196381568908691
0.95839524269104
0.9999920725822449
1.0
1.0
1.0
0.9866684675216675
1.0
0.9594239592552185
0.9239115715026855
0.9378517866134644
0.9547696113586426
0.870397686958313
0.9443018436431885
0.9181026220321655
0.9178743958473206
0.9206916093826294
1.0
1.0
0.9517113566398621
0.9394963383674622
0.9212632179260254
0.9533541202545166
1.0
0.9026803374290466
0.9768898487091064
0.9351451992988586
0.9315627813339233
0.9683205485343933
0.9409061074256897
0.889014482498169
0.924177348613739
0.9807299375534058
0.8932619094848633
0.896268367767334
0.9045404195785522
0.9045401215553284
0.9045398831367493
0.9280446171760559
0.9224168658256531
0.8741911053657532
0.8952113389968872
0.8856090307235718
0.8376691341400146
0.9084454774856567
0.90897536277771
0.8913601040840149
0.8246108889579773
0.8833654522895813
0.877404510974884
0.8297485709190369
0.8205780386924744
0.8941538333892822
0.9642295241355896
0.9603480696678162
0.9751806855201721
0.989480197429657
0.961657702922821
0.9900338649749756
0.9775558114051819
1.0
1.0
0.9333312511444092
0.937562882900238
0.894413411617279
0.8870836496353149
0.9770467281341553
0.900458812713623
1.0
1.0
0.980310320854187
0.9892047643661499
0.9599820375442505
0.9650629758834839
1.0
1.0
0.9966433048248291
0.9716116189956665
0.979560911655426
1.0
0.9289140105247498
0.9964210987091064
0.9147099256515503
0.9759703278541565
0.9982578754425049
0.9347864985466003
0.9482877254486084
0.8705269694328308
0.8331960439682007
0.8783649206161499
0.8667471408843994
0.8537898063659668
0.8486546874046326
0.8737754821777344
0.9287776947021484
0.9595316648483276
0.965704083442688
0.9811842441558838
0.8969557881355286
0.9830429553985596
0.9268010854721069
0.9724599719047546
1.0
0.938904345035553
0.8539527058601379
0.9250667095184326
0.8724378943443298
0.8743981122970581
0.9533558487892151
0.8915485739707947
0.9294017553329468
0.9312752485275269
0.9477794170379639
0.963861882686615
0.9793544411659241
0.9542326927185059
0.9501259326934814
0.9422905445098877
0.8647018074989319
0.8790393471717834
0.9330456256866455
0.8591566681861877
0.9006246328353882
0.9011427760124207
0.867843508720398
0.9204518795013428
0.8918840885162354
0.8732765316963196
0.901986837387085
0.8669450283050537
0.9425102472305298
0.9310139417648315
0.8804692029953003
0.9173588156700134
0.9173586368560791
0.9391632676124573
0.9393104314804077
0.8865029811859131
0.8749117851257324
0.9447058439254761
0.957154393196106
0.8822258114814758
0.9077977538108826
0.9237897992134094
0.9104986786842346
0.931681752204895
1.0
1.0
0.9990237355232239
0.994495153427124
0.890272319316864
1.0
1.0
0.9659010767936707
0.927466094493866
0.9498617649078369
0.9583467841148376
0.9197584986686707
0.8747225999832153
0.926556408405304
0.9023913741111755
0.9003850221633911
0.8638240694999695
0.901397168636322
0.8596983551979065
0.9139944314956665
0.9549850821495056
1.0
0.9758488535881042
0.9876716136932373
0.9543140530586243
0.9637182354927063
0.9436819553375244
0.9727495312690735
0.9754971861839294
0.9456858038902283
1.0
0.9954546093940735
0.9589954614639282
0.8631805777549744
0.9942307472229004
0.9221622943878174
0.8785584568977356
0.9241737127304077
0.9241734743118286
0.9149251580238342
0.9245151877403259
0.9132151007652283
0.8927690982818604
0.9105991125106812
0.8575276732444763
0.9338980913162231
0.8586539030075073
0.8620548844337463
0.9588751792907715
0.8741371035575867
0.9463227391242981
0.9037111401557922
0.8920292854309082
0.9417588114738464
0.8890805244445801
0.8628687858581543
0.9072812795639038
0.8916298151016235
0.930377721786499
0.9592808485031128
0.9366210699081421
0.9650769829750061
0.982709527015686
1.0
0.9855358004570007
1.0
0.9874181151390076
1.0
1.0
0.9471144080162048
0.9811064600944519
0.9916117191314697
1.0
0.9956283569335938
0.9957071542739868
1.0
0.9481262564659119
1.0
0.9268295168876648
0.8788767457008362
0.9148930907249451
0.9520368576049805
0.9520679712295532
0.9729171991348267
0.9478206634521484
0.8911119103431702
0.8767454028129578
0.8988439440727234
0.8988436460494995
0.900776743888855
0.8627711534500122
0.9171415567398071
0.8460261821746826
0.8352957367897034
0.8321762681007385
0.8380986452102661
0.8893241882324219
0.9840709567070007
0.9713055491447449
0.9149826169013977
0.9457407593727112
1.0
0.9458191990852356
0.8784317970275879
0.902567446231842
0.9688667058944702
0.9493484497070312
0.9144888520240784
0.8841522932052612
0.8869062662124634
0.8907616138458252
0.9532021880149841
0.8862556219100952
0.8817604780197144
0.891761839389801
0.961063802242279
0.9437469244003296
0.9636449813842773
0.8798167109489441
0.9614463448524475
0.9675961136817932
0.9790847301483154
0.98051518201828
1.0
0.9767946004867554
0.9523493647575378
1.0
1.0
1.0
1.0
0.9866989254951477
0.9410563111305237
1.0
0.9998878836631775
1.0
1.0
1.0
0.9931567311286926
0.9514556527137756
0.9806872010231018
0.9553181529045105
1.0
0.9687008261680603
0.9286205172538757
0.9221938848495483
0.9178997278213501
0.8955358862876892
0.8482224941253662
0.871116042137146
0.8518792390823364
0.8845043778419495
0.8720259070396423
0.8751664161682129
0.8633572459220886
0.9334918260574341
0.9062779545783997
0.9238004088401794
0.8499239087104797
0.9395154118537903
0.9545103907585144
0.9007279872894287
0.8579959869384766
0.8625323176383972
0.8621553182601929
0.8924951553344727
0.8663016557693481
0.8679373860359192
0.9091132283210754
0.8619392514228821
0.8925203680992126
0.8925200700759888
0.8584408760070801
0.9087565541267395
0.8299972414970398
0.9275807738304138
0.9731559157371521
0.9963394999504089
0.9434950351715088
0.941787600517273
0.9188640713691711
0.883853018283844
0.9131133556365967
0.9521498084068298
1.0
0.9411633014678955
0.8974603414535522
0.9958114624023438
0.9445322751998901
0.9785338044166565
1.0
0.9692339897155762
0.9432598948478699
1.0
1.0
0.957908034324646
0.9758800864219666
0.9687045216560364
0.9564252495765686
0.9604182243347168
0.9743273258209229
0.9814274311065674
0.9968686103820801
1.0
1.0
1.0
1.0
0.9980481266975403
0.9295763969421387
1.0
1.0
0.9947922825813293
0.974345862865448
0.9540660381317139
0.9882351160049438
0.9801037311553955
0.9458106756210327
0.9538978338241577
0.9244897365570068
0.8823973536491394
0.9247431755065918
0.9083552956581116
0.9904229044914246
0.9250755906105042
1.0
0.9100742340087891
0.9676075577735901
0.9535744190216064
0.9392929077148438
0.9680086970329285
1.0
0.9805330634117126
1.0
0.924902617931366
0.9667086601257324
0.981309711933136
0.9312606453895569
0.9385473132133484
0.8934937119483948
0.9936097264289856
0.9608774781227112
0.8837485313415527
0.9862148761749268
0.9862148761749268
0.986214816570282
0.9571570754051208
0.9419671893119812
0.9267661571502686
0.9473450779914856
0.8954060077667236
0.8954263925552368
0.9428092241287231
0.9297071099281311
1.0
1.0
0.9963524341583252
0.9289472699165344
1.0
1.0
0.9815405011177063
0.9895883202552795
1.0
1.0
0.9618217945098877
0.9570391774177551
0.9640432000160217
0.9809719324111938
0.9619401693344116
0.9728705286979675
0.9527261853218079
0.9798915386199951
0.9811749458312988
0.9801173210144043
0.988003671169281
0.994246244430542
0.9886401295661926
1.0
0.9565200805664062
0.945824146270752
0.8712702989578247
0.9550353288650513
0.9679936170578003
0.8614838123321533
0.9449446201324463
0.9100537300109863
0.8394665122032166
0.8351650238037109
0.848755955696106
0.8041623830795288
0.8803063035011292
0.8387113213539124
0.8298898935317993
0.8142988085746765
0.8053656816482544
0.8140420317649841
0.9029027223587036
1.0
1.0
1.0
1.0
0.9281390905380249
0.9281388521194458
0.9995566010475159
0.9032787680625916
0.8957884907722473
0.8384041786193848
0.9048058986663818
0.936115026473999
0.9609649181365967
0.9779695272445679
0.9683770537376404
0.9532647132873535
1.0
0.9762061834335327
0.9889101386070251
0.9618068933486938
1.0
1.0
1.0
1.0
1.0
0.942539632320404
0.9435351490974426
0.9648264050483704
0.9838771224021912
0.9647853374481201
0.9845113754272461
1.0
1.0
0.9549698829650879
0.9773368239402771
1.0
0.9978169202804565
0.8780486583709717
0.927791953086853
0.9347454309463501
0.8746797442436218
0.8571692705154419
0.8806144595146179
0.880614161491394
0.8611330389976501
0.9264481067657471
0.8856433033943176
0.8426112532615662
0.8594883680343628
0.9245074391365051
0.9575389623641968
0.9688491225242615
0.9876934289932251
0.9413881897926331
0.9349628686904907
0.9772423505783081
0.9284328818321228
0.9428417086601257
0.9015634059906006
0.8853458166122437
0.9162352681159973
0.8775238990783691
0.9728019833564758
0.9413048028945923
1.0
0.9640404582023621
0.95524001121521
0.9974795579910278
0.9710262417793274
0.9901024699211121
1.0
1.0
0.9186367988586426
0.9429254531860352
1.0
0.9593324661254883
0.9605209231376648
0.9360494613647461
0.9859982132911682
1.0
0.9702723622322083
0.9571061730384827
0.9571060538291931
0.979571521282196
0.9955846667289734
1.0
0.9645498394966125
1.0
1.0
0.9999448657035828
1.0
1.0
0.9772517085075378
0.9833024144172668
0.9697136878967285
0.970867931842804
0.8993217945098877
0.9665718078613281
0.8828370571136475
0.9312943816184998
0.921414852142334
0.9214146733283997
0.9130950570106506
0.83144611120224
0.8715600967407227
0.8957818746566772
0.9248687624931335
0.9778668284416199
0.9578600525856018
0.943710207939148
0.912873387336731
0.9071843028068542
0.8473511934280396
0.898859977722168
0.8946737051010132
0.8890865445137024
0.9167906641960144
0.9289146661758423
0.8065657019615173
0.9482606649398804
0.9376779794692993
0.8840126395225525
0.9455761313438416
0.8985844254493713
0.9020194411277771
0.9428709149360657
0.8994628190994263
0.8975483179092407
0.9331130981445312
0.9391497373580933
0.9347307682037354
0.9041317105293274
0.999300479888916
0.9336458444595337
0.9706429839134216
0.9879906177520752
0.9482565522193909
0.9516255259513855
0.9489941000938416
1.0
1.0
1.0
0.9837998151779175
0.9732547402381897
0.9563871622085571
0.9928939938545227
1.0
0.9553799033164978
0.9648324251174927
1.0
0.9693095088005066
0.9905798435211182
1.0
0.9879208207130432
0.9534180760383606
0.986565351486206
0.8803658485412598
0.8896031975746155
0.8896028995513916
0.9646914005279541
0.887127697467804
0.9203463792800903
0.9118512868881226
0.8616241216659546
0.870165228843689
0.8171636462211609
0.9156151413917542
0.9358270168304443
0.9492396116256714
0.9157497882843018
0.9030020833015442
0.9612224102020264
0.9459277987480164
0.9452587366104126
0.9467793703079224
0.9148750305175781
0.9227909445762634
0.9227906465530396
0.9555022716522217
0.9203729629516602
0.9177940487861633
0.8329588174819946
0.9640923142433167
0.8711618781089783
0.927397608757019
0.9184148907661438
0.8724125027656555
0.915884792804718
0.9602377414703369
0.9657808542251587
0.9000146389007568
0.9097913503646851
0.9223537445068359
0.9064213633537292
0.8969742059707642
0.858875572681427
0.8962356448173523
0.881790041923523
0.9836267828941345
0.9705808758735657
0.9323492646217346
0.9291334748268127
0.9862865209579468
0.9373279213905334
0.921130359172821
1.0
0.9610520601272583
0.9572486281394958
0.9778107404708862
0.958159327507019
1.0
0.9799477458000183
1.0
0.9198984503746033
0.9767353534698486
0.9767352938652039
0.9717031717300415
0.9411414861679077
0.9665601849555969
0.9019083976745605
1.0
0.9281488060951233
0.969986617565155
0.9303035140037537
0.9561336040496826
0.9271031618118286
0.9363678097724915
0.9244551062583923
0.9595814347267151
0.8932972550392151
0.9384114146232605
0.8863674998283386
0.8671556711196899
0.8772358894348145
0.8989959955215454
0.8355830311775208
0.930980384349823
0.9311493039131165
0.9093095660209656
0.932972252368927
0.8811094164848328
0.9009814262390137
0.8575242161750793
0.8686100840568542
0.8424078226089478
0.8384057879447937
0.8777785897254944
0.8463069200515747
0.8592825531959534
0.8757961988449097
0.9068885445594788
0.8911465406417847
0.8935175538063049
0.8935171961784363
0.932105541229248
0.9107353687286377
0.9527137875556946
0.9562700986862183
0.9469252824783325
1.0
0.903076171875
0.9307186007499695
0.956134557723999
1.0
1.0
0.9601722359657288
1.0
0.9946604371070862
0.99244225025177
1.0
0.9344241619110107
0.9221075773239136
0.9221073389053345
0.9278721809387207
0.9043616056442261
0.9338705539703369
0.922795295715332
0.9155800342559814
0.9377355575561523
0.9591563940048218
0.9822723865509033
0.9879358410835266
0.9541372656822205
0.9027776718139648
0.8914490938186646
0.8746846914291382
0.9009888768196106
0.8156037926673889
0.8274359107017517
0.8210275173187256
0.8719695210456848
0.9225996136665344
0.8736147880554199
0.8533331751823425
0.9154035449028015
0.9027078151702881
0.848350465297699
0.8487170338630676
0.9001245498657227
0.9051092267036438
0.8492265343666077
0.8988526463508606
0.8546562790870667
0.8427740931510925
0.8907654285430908
0.8812332153320312
0.7976025938987732
0.8813143372535706
0.8335357308387756
0.7994179129600525
0.7994173169136047
0.7997974753379822
0.8109923601150513
0.816781759262085
0.897419273853302
0.9563597440719604
0.9460986852645874
0.975405216217041
1.0
0.9746009707450867
1.0
0.9670065641403198
0.9260868430137634
0.8699575662612915
0.9757428765296936
1.0
0.980936586856842
0.9790562391281128
0.9865422248840332
0.9865422248840332
1.0
0.9491599798202515
0.9559470415115356
1.0
1.0
0.957181453704834
1.0
0.9972301125526428
1.0
1.0
0.9632493853569031
0.9999823570251465
0.9744772911071777
1.0
1.0
0.9816205501556396
0.949521541595459
0.9570260047912598
0.892798662185669
0.9199501872062683
0.8802632093429565
0.9391902089118958
0.8861994743347168
0.9663561582565308
0.9451377987861633
0.8432554602622986
0.815222978591919
0.900786280632019
0.88703852891922
0.9442247748374939
0.9190880060195923
0.9464247822761536
0.9279159307479858
0.8932046294212341
0.9366000294685364
0.8996466994285583
0.8702051639556885
0.8368560075759888
0.8099823594093323
0.8730114102363586
0.8770981431007385
0.8633205890655518
0.8339476585388184
0.8018571138381958
0.8394445776939392
0.8379563093185425
0.8742731213569641
0.8215126991271973
0.893340528011322
0.8509055376052856
0.8246020078659058
0.9288826584815979
0.8903977274894714
0.9414880275726318
0.9172377586364746
0.9477649927139282
0.925463855266571
1.0
0.9324333071708679
0.9416597485542297
0.8992988467216492
1.0
1.0
1.0
0.9863114953041077
0.9694678783416748
1.0
1.0
0.994743824005127
0.9489693641662598
1.0
1.0
0.9516450762748718
0.9926656484603882
0.9986197352409363
1.0
0.9814471006393433
0.9802648425102234
1.0
0.9459013342857361
0.9522659778594971
0.917216956615448
0.888443648815155
0.8446062803268433
0.8446059226989746
0.8531817197799683
0.9398688077926636
0.9627794027328491
0.9776241183280945
0.9499183893203735
0.9741299152374268
1.0
0.960349977016449
0.945138692855835
0.9110726714134216
0.8689440488815308
0.8176230192184448
0.8355767130851746
0.8433922529220581
0.9454113245010376
0.8550786375999451
0.8388211131095886
0.8981828093528748
0.8703222870826721
0.8836016058921814
0.8673020005226135
0.9144891500473022
0.8636788725852966
0.9618297219276428
0.932083249092102
0.8456653356552124
0.9457584619522095
0.9884089231491089
0.9466560482978821
0.9482139945030212
0.8848714232444763
0.8838374614715576
0.883837103843689
1.0
0.9901294112205505
1.0
0.9462637901306152
0.9535973072052002
1.0
0.9339227080345154
0.9507502317428589
0.9718049168586731
0.9681793451309204
1.0
0.9860630035400391
0.9393495321273804
1.0
0.985647439956665
1.0
0.9555443525314331
0.9962607026100159
1.0
0.9790430665016174
0.9298322796821594
0.9776292443275452
0.9635022282600403
0.9662023782730103
0.9796809554100037
0.9533432722091675
0.9518051147460938
0.9509918689727783
0.8915790319442749
0.8840504884719849
0.9223329424858093
1.0
0.9550573229789734
0.926843523979187
0.8671050667762756
0.8734753727912903
0.8688822984695435
0.915165901184082
0.9171603918075562
0.9031952023506165
0.8557689189910889
0.8828098773956299
0.8921185731887817
0.8537428379058838
0.8639985918998718
0.8218212127685547
0.8013537526130676
0.9081212282180786
0.9489462971687317
1.0
0.9538230895996094
0.9832736849784851
0.9916861057281494
1.0
0.9632402062416077
0.9716148376464844
1.0
0.9564140439033508
0.9473349452018738
0.9565009474754333
0.9430926442146301
0.901079535484314
0.8589498400688171
0.8945815563201904
0.9472383856773376
0.9134565591812134
0.9817318320274353
0.9400854706764221
0.9408000707626343
0.9801881313323975
0.9663144946098328
0.9351237416267395
0.966606616973877
0.9044730067253113
1.0
0.9467365145683289
0.9555622935295105
1.0
1.0
0.9258144497871399
0.9933236241340637
0.9123164415359497
0.9162895679473877
0.9556427001953125
0.9052137732505798
0.8714697957038879
0.8971574902534485
0.852318286895752
0.8537739515304565
0.8729435205459595
0.8712968826293945
0.8932486176490784
0.908708930015564
1.0
1.0
0.9962253570556641
0.9886324405670166
1.0
0.9109336733818054
0.9809389710426331
0.9104836583137512
0.9982219338417053
1.0
0.9879902005195618
0.8859718441963196
0.9872853755950928
0.8759185671806335
0.9883800745010376
0.9913364052772522
1.0
0.9499114155769348
0.9941290020942688
1.0
0.9847671985626221
0.999928891658783
1.0
0.9520816802978516
1.0
0.943302571773529
0.9697900414466858
1.0
0.9321090579032898
0.9490838050842285
0.9436485171318054
0.9319090247154236
0.9319088459014893
0.8892993927001953
0.91508948802948
0.8829742074012756
0.8485390543937683
0.8353563547134399
0.8398452997207642
0.8148776292800903
0.8801661133766174
0.9625328183174133
0.974676251411438
1.0
1.0
1.0
0.8798549175262451
0.8888803124427795
0.9591424465179443
0.9924944639205933
1.0
1.0
1.0
0.97917640209198
1.0
1.0
0.9921075701713562
0.9772536158561707
1.0
0.9118890762329102
0.9242240786552429
0.9220432639122009
1.0
0.9581013321876526
0.9910746812820435
0.9807080030441284
0.9575386047363281
0.9195212721824646
0.8530586361885071
0.8708599209785461
0.8444967865943909
0.9346605539321899
0.9149587750434875
0.9070538878440857
0.9053012728691101
0.8651555776596069
0.8314647078514099
0.8723204135894775
0.8723200559616089
0.9009688496589661
0.8537924289703369
0.8836998343467712
0.8056089282035828
0.7987751364707947
0.8774312138557434
0.9231118559837341
0.9113122224807739
0.8592381477355957
0.8700530529022217
0.8361933827400208
0.8245458006858826
0.8659234642982483
0.8723024725914001
0.8905407190322876
0.8625564575195312
0.8934693932533264
0.8406252861022949
0.853671133518219
0.8881931304931641
0.8759478330612183
0.8060696721076965
0.8333604335784912
0.8900956511497498
0.9412765502929688
0.8929893970489502
0.883684515953064
0.8920128345489502
0.9242660999298096
0.9294880032539368
0.9721460938453674
0.9266906976699829
0.9018127918243408
0.9296399354934692
0.8789846301078796
0.8126086592674255
0.8792158365249634
0.8420530557632446
0.9143536686897278
0.9363533854484558
0.9818308353424072
0.9846692085266113
0.91866135597229
0.9186610579490662
0.9676274657249451
1.0
0.9927047491073608
0.9539207816123962
1.0
0.8777450919151306
0.9682966470718384
0.9291487336158752
0.9416594505310059
0.9056444764137268
0.9249883890151978
0.9390977025032043
0.9248496890068054
0.9685865044593811
0.9269075989723206
0.9532148241996765
0.9926740527153015
1.0
0.9221113324165344
0.9811967611312866
1.0
1.0
0.9177939295768738
0.9323490262031555
0.9996549487113953
0.9695313572883606
0.9430703520774841
0.9472366571426392
0.9479552507400513
0.9036825299263
0.9017361998558044
0.8722209334373474
0.8663308024406433
0.8303582072257996
0.870607316493988
0.8152114748954773
0.8671346306800842
0.8721817135810852
0.8684442043304443
0.8852312564849854
0.8736052513122559
0.8620555400848389
0.848914623260498
0.9014056921005249
0.8838896155357361
0.9022220373153687
0.9361869692802429
0.8967533707618713
0.8630102276802063
0.86772620677948
0.8315525054931641
0.8821144700050354
0.9273905754089355
0.9194936752319336
0.9102261066436768
0.9114857316017151
0.9256806969642639
0.9342953562736511
0.9342950582504272
0.9021531939506531
0.9701485633850098
0.8671013712882996
0.9496374130249023
0.9552029371261597
0.9709867835044861
0.9367712736129761
1.0
0.9875240325927734
0.9777709245681763
0.9225695729255676
0.9490953087806702
0.8664405345916748
0.9147622585296631
0.9109258651733398
0.8368938565254211
0.9093404412269592
0.9225520491600037
0.843648374080658
0.8552852869033813
0.8287725448608398
0.8646494150161743
0.8799587488174438
0.8488067984580994
0.8730906844139099
0.8487119674682617
0.7882810831069946
0.8330860733985901
0.8662987351417542
0.8521557450294495
0.9201411008834839
0.92014080286026
0.917770504951477
0.9510042071342468
0.9436879754066467
0.8830845952033997
0.9053162932395935
0.8617514371871948
0.8927143812179565
0.9759814143180847
0.9881099462509155
1.0
0.9746571183204651
0.9566527605056763
0.9096001386642456
0.9983251094818115
1.0
0.9961565136909485
1.0
1.0
1.0
1.0
0.977738082408905
0.9491153359413147
0.9572243690490723
0.9558730721473694
0.9243084192276001
0.9112072587013245
0.8522718548774719
0.8350974321365356
0.8794727325439453
0.8456359505653381
0.9120569229125977
0.8512777090072632
0.9057556986808777
0.909700870513916
0.866582453250885
0.9170573353767395
0.8441991806030273
0.8410324454307556
0.8872660398483276
0.8680033087730408
0.8847805857658386
0.9077072739601135
0.9392727017402649
0.9256090521812439
0.9636936187744141
0.9187778234481812
0.9404991269111633
0.9631646871566772
0.9537897706031799
0.9393750429153442
0.964040994644165
0.9751791954040527
0.9841192364692688
0.9749019145965576
0.9599436521530151
0.9674604535102844
0.9908655285835266
0.9908655285835266
0.9406598210334778
0.9595010876655579
0.9103161692619324
0.8519907593727112
0.8801882266998291
0.8283929824829102
0.9120222330093384
0.9398931264877319
0.9389567971229553
0.9275305867195129
0.9863703846931458
0.9963452816009521
0.8865680694580078
0.9068282246589661
0.9551376104354858
0.9459068775177002
0.9459067583084106
0.9495357871055603
0.9635940790176392
0.9963244199752808
0.9999621510505676
0.9408529996871948
0.9744125604629517
0.9829525947570801
0.9926953911781311
1.0
1.0
0.9556178450584412
0.9487842321395874
0.9685910940170288
0.9593431353569031
0.9443246722221375
1.0
0.9816029667854309
1.0
0.9821412563323975
0.9882729053497314
1.0
0.9826754927635193
0.9707178473472595
0.972139835357666
0.9886029958724976
1.0
1.0
0.8879966139793396
0.9355625510215759
0.8655529022216797
0.9002328515052795
0.8501120805740356
0.8611478209495544
0.861147403717041
0.8611470460891724
0.8459026217460632
0.8517194986343384
0.8256382346153259
0.865746796131134
0.9284372925758362
0.8620366454124451
0.9005128145217896
0.8984673023223877
1.0
0.9571316242218018
0.9068365097045898
0.9413827061653137
0.9640892148017883
1.0
0.9595766663551331
0.9595765471458435
0.8948772549629211
0.9585664868354797
0.9445198774337769
0.9150938391685486
0.9349550008773804
0.9275725483894348
0.9739038944244385
0.9183226823806763
0.949917197227478
0.953190803527832
0.990594744682312
0.9959365129470825
1.0
0.992175281047821
1.0
0.9850494265556335
0.9501279592514038
0.9808138012886047
1.0
1.0
1.0
0.9797592759132385
0.930245578289032
0.9915593862533569
0.926758348941803
0.9822887778282166
0.9468528032302856
0.9617023468017578
0.9208482503890991
0.9538666009902954
0.9027963280677795
0.8773634433746338
0.8773630857467651
0.8533350229263306
0.870232880115509
0.8540565371513367
0.8627428412437439
0.8470152020454407
0.8302203416824341
0.8605315685272217
0.8322624564170837
0.8627802133560181
0.8921711444854736
0.8594949245452881
0.9682345390319824
0.9689996242523193
0.8757597804069519
0.8925633430480957
0.9990987181663513
0.8940641283988953
0.8940637707710266
0.936721682548523
0.9229580760002136
0.9582759737968445
0.8940469622612
0.8938186168670654
0.879310131072998
0.9676536321640015
0.9382888674736023
0.9023399949073792
0.8789622783660889
0.8788213133811951
0.9360204339027405
0.8397563099861145
0.9353724718093872
1.0
1.0
1.0
1.0
0.9481110572814941
1.0
0.9372981190681458
1.0
1.0
1.0
1.0
0.9349695444107056
1.0
0.9062227010726929
0.9968719482421875
1.0
0.8697795867919922
0.9520279169082642
0.9294330477714539
0.9625390768051147
0.871845543384552
0.8974981904029846
0.8966141939163208
0.8966138958930969
0.8331735134124756
0.8578239679336548
0.81629478931427
0.8435561060905457
0.8040714263916016
0.8159325122833252
0.8505247831344604
0.9160646796226501
0.869674026966095
0.8703898191452026
0.9001898169517517
0.8308919668197632
0.8405857682228088
0.8257840871810913
0.8931159973144531
1.0
0.9510371685028076
1.0
1.0
1.0
0.9537544250488281
0.9641444683074951
0.9457218050956726
0.9512385129928589
1.0
0.9960219264030457
1.0
0.9489012956619263
0.9473397731781006
1.0
0.9762582182884216
0.9633033871650696
0.928814709186554
0.944172203540802
0.9882993698120117
0.9884199500083923
1.0
0.9857128262519836
0.9127258658409119
0.9668060541152954
1.0
1.0
0.9258532524108887
1.0
0.9662674069404602
0.9360262751579285
0.939498782157898
0.9032754898071289
0.8873713612556458
0.8070870637893677
0.8965086936950684
0.8706658482551575
0.8419048190116882
0.8421398997306824
0.8536909222602844
0.8458130955696106
0.8261979818344116
0.8468024134635925
0.8378247022628784
0.8222599625587463
0.8343011736869812
0.8485010862350464
0.8485902547836304
0.9469980001449585
0.8690460920333862
0.870330274105072
0.8440834879875183
0.906365692615509
0.8553411960601807
0.9392186999320984
0.9382238388061523
0.8873740434646606
0.8616440296173096
0.8690618872642517
0.8748372197151184
0.874836802482605
0.9477255344390869
0.9125762581825256
0.9056411981582642
0.9619323015213013
0.9963059425354004
1.0
0.9675888419151306
0.9825248718261719
0.9798341393470764
1.0
1.0
1.0
1.0
0.9702717661857605
1.0
1.0
0.9788191914558411
0.9965881705284119
1.0
0.9389027953147888
1.0
0.8784611225128174
0.9559918642044067
0.90195232629776
0.9367020130157471
0.8943812847137451
0.8755050897598267
0.8679183721542358
0.9167814254760742
0.9976088404655457
0.9127572178840637
0.922430157661438
0.8987811803817749
0.8736267685890198
0.8876892924308777
0.8601477146148682
0.8633353114128113
0.8580893874168396
0.8374634385108948
0.8374629616737366
0.8779846429824829
0.9270075559616089
0.8851748108863831
0.8558115363121033
0.8489992022514343
0.890877902507782
0.8942459225654602
0.8843184113502502
0.9374130964279175
0.9500831961631775
0.8848574757575989
0.9938468933105469
0.9235324263572693
0.965871274471283
0.9203649163246155
0.9165284633636475
0.9009217619895935
0.964104413986206
0.9779910445213318
0.9484401345252991
0.9673529267311096
0.9519250988960266
1.0
0.9830580353736877
0.9768292307853699
1.0
0.9904204607009888
1.0
0.9778187274932861
1.0
0.9570740461349487
0.9405999779701233
0.8834735155105591
0.9568843245506287
0.9660339951515198
0.976969301700592
1.0
1.0
0.9919171333312988
0.9919171333312988
0.9387507438659668
0.9553353786468506
0.8842788934707642
0.867169201374054
0.8897590637207031
0.891220211982727
0.9344561696052551
0.9470779895782471
0.9790325164794922
0.957746148109436
0.9485517740249634
0.9612268805503845
0.9901642799377441
0.9717311859130859
0.9925663471221924
0.9393802881240845
0.9281389117240906
1.0
0.9660300612449646
0.9421072006225586
0.9509929418563843
0.9013158082962036
0.9857200980186462
1.0
1.0
1.0
0.9972327947616577
0.9470359683036804
1.0
0.9784854650497437
1.0
1.0
0.9799033999443054
1.0
0.9326959252357483
0.9502631425857544
0.9727300405502319
0.9727299809455872
0.9719395041465759
1.0
1.0
1.0
1.0
1.0
0.9347158074378967
1.0
0.9563530087471008
0.9919812679290771
0.9644034504890442
0.9932569861412048
1.0
0.9805546998977661
0.9726554155349731
0.9643162488937378
0.9506405591964722
0.9556979537010193
0.9556978344917297
0.8814825415611267
0.926110565662384
0.9524634480476379
0.848477840423584
0.8712273836135864
0.9078689813613892
0.9209756851196289
0.9824758172035217
0.8874511122703552
0.9391127228736877
0.8182350397109985
0.8620489239692688
0.8929173946380615
0.9449787735939026
0.9492964148521423
0.944108784198761
0.9147014021873474
0.934281051158905
0.9342808723449707
0.9389733672142029
0.944625973701477
1.0
1.0
0.9799633622169495
0.9411464929580688
1.0
1.0
1.0
0.9301421046257019
0.9917083978652954
1.0
0.9908728003501892
0.9910480976104736
0.9811099767684937
1.0
0.9715171456336975
0.9905298948287964
0.9952335953712463
0.9952335357666016
0.9795610308647156
0.9310832619667053
1.0
1.0
0.9626238942146301
0.9870883822441101
0.9938522577285767
0.9806235432624817
1.0
0.9113821387290955
0.9199433326721191
0.9537255764007568
0.8897392749786377
0.8720402121543884
0.9154495000839233
0.899975061416626
0.9576648473739624
0.9953891634941101
0.9953891634941101
0.9658881425857544
0.8786414861679077
0.8901745676994324
0.9397978782653809
0.9451279044151306
0.925118088722229
0.9517003893852234
0.8911619782447815
0.8730343580245972
0.9310594201087952
0.9903903603553772
0.9176819920539856
0.995452880859375
0.9886630773544312
0.9869730472564697
0.928626298904419
1.0
0.9847604632377625
1.0
1.0
0.9690513610839844
0.9899641275405884
1.0
0.9475501775741577
0.9583141803741455
0.9308577179908752
0.9351088404655457
0.9755277037620544
0.9531376361846924
0.9292752742767334
0.912530779838562
1.0
1.0
0.9530078768730164
1.0
0.9991065263748169
0.9894527196884155
0.9949972629547119
0.9949972033500671
0.9653626084327698
0.9552559852600098
0.931850790977478
0.9016367197036743
0.9771873950958252
0.9147332310676575
0.9910920262336731
1.0
1.0
1.0
1.0
1.0
0.9661573767662048
0.9631931781768799
1.0
0.9324674606323242
0.9209451675415039
0.8755623698234558
0.8755620718002319
0.8755617141723633
0.9352416396141052
0.9739377498626709
1.0
0.8814002871513367
0.8896257877349854
0.872767984867096
0.8912485837936401
0.8682087659835815
0.872158408164978
0.8777347207069397
0.8754997253417969
0.8982065320014954
0.9545751810073853
0.9614904522895813
0.9533314108848572
0.9618260264396667
0.9120417833328247
0.9444593787193298
0.9461107850074768
0.8865969181060791
0.9569924473762512
0.9045485854148865
0.9119590520858765
0.9477840065956116
0.9859528541564941
0.9660730361938477
1.0
0.9397244453430176
0.9853295683860779
0.9670814275741577
1.0
0.9427651762962341
1.0
0.9773126840591431
1.0
0.963452935218811
0.9634528160095215
0.9634526968002319
1.0
0.9739896655082703
1.0
0.9826611876487732
1.0
0.9505824446678162
0.9795357584953308
0.9074375033378601
0.8778312802314758
0.9283192157745361
0.9318056702613831
0.9635782241821289
0.9153539538383484
0.8969709873199463
0.8939753174781799
0.9306845664978027
0.8558861613273621
0.8640378713607788
0.8958742618560791
0.8917865753173828
0.8959259986877441
0.916044294834137
0.8837540745735168
0.8710252046585083
0.8592577576637268
0.855551540851593
0.8527254462242126
0.9345076084136963
0.9518911838531494
0.9448027014732361
0.9099558591842651
0.9011300206184387
0.8938844799995422
0.9534196257591248
0.9553852677345276
0.9391173124313354
0.9543676972389221
0.9515169858932495
0.9515168070793152
0.8949309587478638
0.9250617623329163
0.9679274559020996
0.8829637765884399
0.9425875544548035
0.9623702168464661
0.9984012842178345
0.9331777691841125
0.9777806997299194
0.9337806701660156
1.0
0.9801669716835022
0.9467107653617859
1.0
0.9893611669540405
0.9515040516853333
1.0
1.0
1.0
1.0
1.0
0.9675329327583313
0.9831125736236572
0.900083601474762
0.9202700853347778
0.8898881077766418
0.943198561668396
0.8429980278015137
0.8664853572845459
0.8525545001029968
0.8188587427139282
0.8478387594223022
0.8465550541877747
0.8418093919754028
0.8707898855209351
0.8813821077346802
0.8511977791786194
0.8779104351997375
0.8582189083099365
0.8473987579345703
0.8458674550056458
0.8967629671096802
0.838914692401886
0.8397428393363953
0.9270804524421692
0.9791105389595032
0.9313958287239075
0.9683958292007446
0.982893705368042
1.0
0.9367632269859314
0.9567688703536987
0.9749658703804016
0.9945876598358154
0.9514856338500977
1.0
1.0
0.99628746509552
0.99628746509552
1.0
1.0
0.9721068739891052
1.0
0.9796555042266846
1.0
0.9417047500610352
0.9779205918312073
1.0
0.951160728931427
1.0
0.9823081493377686
0.9790322184562683
0.9987367391586304
0.9978047013282776
0.9845090508460999
0.931745707988739
0.9611923098564148
0.9869813323020935
0.9612861275672913
0.873568594455719
0.8694234490394592
0.8424565196037292
0.9425434470176697
0.9595811367034912
0.9626850485801697
0.9076670408248901
0.9034406542778015
0.8731576204299927
0.8981432914733887
0.9495742917060852
0.9075636267662048
1.0
0.9558045864105225
0.9243907332420349
0.9813620448112488
0.913025975227356
0.9415267109870911
0.9415265917778015
1.0
1.0
1.0
1.0
0.9966416954994202
0.9706427454948425
0.9887048602104187
0.9921802878379822
1.0
0.9962504506111145
1.0
0.9790847897529602
1.0
0.9907550811767578
1.0
1.0
1.0
0.9216713905334473
0.9702717065811157
0.9702715873718262
0.981371283531189
1.0
0.9905453324317932
1.0
0.9562559723854065
0.9414290189743042
0.8994929790496826
0.9024287462234497
0.9038335680961609
0.9201510548591614
0.8559427857398987
0.9594469666481018
1.0
0.9295766949653625
0.8640788197517395
0.8944785594940186
0.8441996574401855
0.9511712789535522
0.9511711597442627
0.921605110168457
0.9411836862564087
0.9164103269577026
0.9446834325790405
0.9151050448417664
0.9151448607444763
0.909512996673584
0.8998415470123291
0.8304583430290222
0.8746381998062134
0.90069979429245
0.9334903955459595
0.9682072401046753
0.9911845922470093
0.9484804272651672
0.9335212707519531
0.9967441558837891
0.9158434867858887
0.9027938842773438
0.861842930316925
0.9624387621879578
0.9741358160972595
1.0
1.0
1.0
1.0
0.985741913318634
0.9647688865661621
0.9415128827095032
1.0
0.9786069393157959
0.9580087661743164
0.9963852763175964
0.9757021069526672
1.0
0.9448874592781067
0.9972589612007141
0.9972589612007141
1.0
0.9641332626342773
0.9996125102043152
1.0
0.978456974029541
1.0
0.9754247665405273
0.9788932800292969
0.9730526804924011
0.9400822520256042
0.8977326154708862
0.8881080150604248
0.9634574055671692
0.9385061860084534
0.949494481086731
0.9208020567893982
0.9573305249214172
0.9803104996681213
0.9610839486122131
0.9610838294029236
0.9208216071128845
0.8446489572525024
0.8933415412902832
0.8668438792228699
0.8392002582550049
0.8520892262458801
0.8749071955680847
0.8949072360992432
0.9462140202522278
0.9384323358535767
0.9194561839103699
0.8905302286148071
0.932318389415741
0.9040461182594299
0.8887495994567871
0.8450824618339539
0.9093564748764038
0.9255099296569824
0.9255096316337585
