0.9622243642807007
0.9059426784515381
0.9573387503623962
0.9234721660614014
0.9710603356361389
0.9353371858596802
0.9159613847732544
0.961459755897522
0.9235168695449829
0.9285470843315125
0.9142864942550659
0.9389033317565918
0.8927803635597229
0.8914531469345093
0.9734964370727539
1.0
0.971989631652832
0.9310441017150879
0.9648879766464233
0.9617428183555603
0.9811781048774719
0.9942587018013
1.0
1.0
1.0
0.9710920453071594
0.9909072518348694
0.9566164016723633
1.0
0.9702198505401611
0.9982123374938965
0.9379757046699524
0.9465463757514954
0.9695351123809814
0.9001836776733398
0.9854552149772644
0.9753598570823669
0.9555906653404236
0.9723861217498779
1.0
0.988916277885437
0.9848830103874207
0.9498810172080994
0.9809548854827881
0.9711319804191589
0.9517231583595276
0.9783504009246826
0.9225016236305237
0.8927268981933594
0.9185552000999451
0.9920423626899719
0.9629063010215759
0.9453641772270203
0.9750701785087585
0.9142419695854187
0.9841118454933167
0.909957766532898
0.9434679746627808
0.8844426870346069
0.9092845916748047
1.0
0.9157559871673584
0.9518077373504639
0.8770606517791748
0.9518559575080872
0.8585795164108276
0.9212374687194824
0.9553102850914001
0.9755392074584961
0.9209479093551636
0.9659914374351501
0.8914141654968262
0.9462054967880249
0.9786092638969421
0.9827950596809387
0.8718599081039429
1.0
0.9584900140762329
0.888096809387207
0.9171593189239502
0.982361912727356
0.9563097357749939
0.9772258996963501
0.9797436594963074
0.9558859467506409
0.9117743968963623
0.9551591277122498
0.9201875329017639
0.9663620591163635
0.9962184429168701
0.9630315899848938
1.0
0.9287490844726562
0.9276241660118103
0.9276239275932312
0.9697099328041077
1.0
0.9379401206970215
0.9878374934196472
1.0
1.0
0.9359725713729858
1.0
0.9587796926498413
0.9144585132598877
0.9680740237236023
0.9458377957344055
0.9371916651725769
0.9087272882461548
0.9483164548873901
0.9546385407447815
0.9207760691642761
0.9044731855392456
0.9217276573181152
0.9772742986679077
1.0
0.9483411908149719
0.9053242206573486
0.8831623196601868
0.9110123515129089
0.9407813549041748
0.9912415742874146
1.0
1.0
1.0
0.9801280498504639
0.9772781729698181
0.9884356260299683
1.0
1.0
0.9553456902503967
0.9405199289321899
0.9728978276252747
0.9910317063331604
1.0
0.9808911681175232
0.9958015084266663
0.9456191658973694
1.0
0.9816924333572388
0.9671373963356018
0.9108170866966248
0.9215051531791687
0.9649708867073059
0.9463744163513184
0.9334100484848022
0.9876551628112793
0.9738406538963318
0.9556211233139038
1.0
0.9521140456199646
0.9829602837562561
0.958085298538208
0.9778614640235901
1.0
0.9692857265472412
0.9942062497138977
0.9421691298484802
0.8663551211357117
0.9811394214630127
1.0
1.0
1.0
0.9737190008163452
0.968245267868042
0.957603394985199
0.9290225505828857
0.9957147836685181
0.9904912710189819
1.0
1.0
0.9976164102554321
0.9935890436172485
1.0
1.0
0.9755991697311401
1.0
1.0
0.9577109217643738
1.0
1.0
0.98973548412323
1.0
0.9956762790679932
0.9787711501121521
0.9860019087791443
0.9404295086860657
0.9663640856742859
0.9582977294921875
1.0
1.0
0.9941751956939697
1.0
0.9826353192329407
0.9644032120704651
0.9584294557571411
0.9877546429634094
1.0
0.9768756031990051
1.0
0.9584969878196716
1.0
0.9911040663719177
0.9664757251739502
0.9712608456611633
1.0
1.0
0.9378799796104431
0.9183225035667419
0.9359853267669678
0.9359852075576782
0.9356464147567749
0.9129462838172913
0.9207053780555725
1.0018553733825684
0.9931342005729675
0.901878297328949
1.0011142492294312
0.967785120010376
0.972866952419281
0.8864073157310486
0.9172077178955078
0.935617208480835
0.9388879537582397
0.9583795070648193
0.9144701957702637
0.9957171082496643
1.0
1.0
1.0
1.0
0.9694345593452454
1.0
0.9488223791122437
0.9596723914146423
1.0
0.9897339344024658
0.9545071721076965
0.9522857069969177
0.9522855877876282
0.9749316573143005
0.9650087356567383
0.9462990760803223
0.9063429832458496
0.9418676495552063
0.9294981360435486
0.9271844625473022
0.9377794861793518
0.8982980847358704
0.9030524492263794
0.8824936151504517
0.9040829539299011
0.894412100315094
0.9738925099372864
1.0
0.9735416173934937
0.9504071474075317
0.9989705085754395
0.9632300734519958
0.9699075818061829
1.0
1.0
0.9916462898254395
0.9633123874664307
0.9583864808082581
0.9651492238044739
0.869350016117096
0.8705876469612122
0.9084696769714355
0.9838789105415344
1.0
0.9847849011421204
1.0
0.9402144551277161
0.9159687757492065
0.9849964380264282
0.986295223236084
0.9752143025398254
0.8974301815032959
0.8749566078186035
0.8666901588439941
0.8666898012161255
0.9345646500587463
0.9441064596176147
0.9579411745071411
0.92707359790802
0.976533830165863
0.9618800282478333
0.9798504710197449
0.9397702217102051
0.9654721617698669
0.9280600547790527
0.9264503121376038
0.9411081075668335
0.96892249584198
0.9543026685714722
0.9970974922180176
0.9178187847137451
0.9446948170661926
0.8746767640113831
0.951923131942749
0.9051622748374939
0.8983067870140076
0.8897420167922974
0.9152979850769043
0.938366174697876
0.9498193860054016
0.9424911141395569
0.8926507830619812
0.947989821434021
0.9446492791175842
0.9346645474433899
0.9470279812812805
0.9067310690879822
0.9432962536811829
0.9328039884567261
0.9521868824958801
0.9329710602760315
0.9276216626167297
0.9069610834121704
0.9133362174034119
0.9381652474403381
0.923954963684082
0.9279208779335022
0.9596270322799683
0.9265276193618774
0.883285403251648
0.9200918078422546
0.9540373682975769
0.8851482272148132
0.9098728895187378
0.956836998462677
0.9447243213653564
0.9332512617111206
0.909990668296814
0.9159086346626282
0.8884189128875732
0.9019713997840881
0.9278537631034851
0.9342677593231201
0.9244604110717773
0.8883786797523499
0.8709915280342102
0.9302500486373901
0.882783830165863
0.8697649240493774
0.8954687118530273
0.9353153109550476
0.8926722407341003
0.9013434052467346
0.9352278113365173
0.9171852469444275
0.9118510484695435
0.9390037059783936
0.9344433546066284
0.9079548716545105
0.8971267938613892
0.9714916944503784
0.9043000936508179
0.9405484795570374
0.9512220025062561
0.9118961691856384
0.9214131832122803
0.9277769923210144
0.9180142879486084
0.8766369819641113
0.9386041760444641
0.9386039972305298
0.9317569732666016
0.912216067314148
0.8652092814445496
0.9026997685432434
0.9153133630752563
0.8727074861526489
0.8991275429725647
0.8959872126579285
0.8714681267738342
0.9142269492149353
0.9009929895401001
0.9208662509918213
0.9503531455993652
0.9136782288551331
0.8851087093353271
0.9055123925209045
0.8801566362380981
0.8887913823127747
0.8975012898445129
0.9118044376373291
0.9183510541915894
0.9242885112762451
0.9119468927383423
0.8741978406906128
0.9342827796936035
0.9170488119125366
0.9230456352233887
0.9446662068367004
0.9026228785514832
0.9204009771347046
0.9259960651397705
0.9189416170120239
0.8964774012565613
0.8765770792961121
0.9492511749267578
0.8925917744636536
0.921124279499054
0.9159833788871765
0.8916380405426025
0.9567318558692932
0.9464164972305298
0.8923189640045166
0.9444847106933594
0.9343078136444092
0.9149367809295654
0.9179461002349854
0.8964752554893494
0.9228304624557495
0.8984946012496948
0.8973798751831055
0.9135645627975464
0.9014396071434021
0.9325881600379944
0.9118914008140564
0.8906368613243103
0.8815368413925171
0.8965362906455994
0.8965360522270203
0.8880147337913513
0.9168584942817688
0.9294923543930054
0.9573606252670288
0.9260435700416565
0.8964266777038574
0.9655824303627014
0.9128860235214233
0.9423757791519165
0.9562182426452637
0.9161819815635681
0.9360533952713013
0.8897419571876526
0.8999455571174622
0.9048998951911926
0.9395954608917236
0.9367426037788391
0.9419766664505005
0.8963111639022827
0.8981174230575562
0.9493731260299683
0.9229633808135986
0.9336960315704346
0.9632392525672913
0.8966226577758789
0.9181801676750183
0.925966203212738
0.8888731002807617
0.9202262163162231
0.9209353923797607
0.9209351539611816
0.8904563784599304
0.8956866264343262
0.9234156608581543
0.9221510291099548
0.931713342666626
0.9524136185646057
0.89692223072052
0.9474819302558899
0.9479825496673584
0.9170870780944824
0.9344351291656494
0.9625152945518494
0.9446485042572021
0.940811276435852
0.9412485957145691
0.9494465589523315
0.9017608761787415
0.9217800498008728
0.9438048601150513
0.9576162695884705
0.9606539607048035
0.950384795665741
0.9497342109680176
0.9559182524681091
0.9151427745819092
0.9663836359977722
0.970401406288147
0.9384907484054565
0.9411121010780334
0.9763160943984985
0.9512931108474731
0.9498720765113831
0.9298977255821228
0.9712962508201599
0.962510883808136
0.9385177493095398
0.9944987893104553
0.9466947317123413
0.9538522958755493
0.9031782746315002
0.9162740707397461
0.9591398239135742
0.9775353074073792
0.970084011554718
0.9689569473266602
0.9653730988502502
0.9152649641036987
0.9331884980201721
0.9172951579093933
0.9584978818893433
0.985919713973999
0.9339384436607361
0.9481397867202759
0.9594534635543823
0.9369614124298096
0.9484460353851318
0.9646987318992615
0.9187794923782349
0.9679676294326782
0.9231722354888916
0.9322426915168762
0.9590713381767273
0.8955483436584473
0.9292830228805542
0.9472982883453369
0.972618818283081
0.9114747047424316
0.9477320909500122
0.9510705471038818
0.9638285636901855
0.9356371164321899
0.9236265420913696
0.9711253643035889
0.9512186050415039
0.9460310935974121
0.8937585353851318
0.960039496421814
0.8875557780265808
0.9679349660873413
0.9304223656654358
0.8828383088111877
0.9253085255622864
0.9129115343093872
0.970503032207489
0.9610684514045715
0.9577205181121826
0.9034479856491089
0.9011073112487793
0.90474933385849
0.937796950340271
0.905794620513916
0.8895081877708435
0.9001466631889343
0.9497113823890686
0.9338544011116028
0.904420793056488
0.8906534910202026
0.9383790493011475
0.9175967574119568
0.8880564570426941
0.9118327498435974
0.9488502144813538
0.9348411560058594
0.8993300199508667
0.9364740252494812
0.9200931191444397
0.8975492119789124
0.9233121871948242
0.9529128670692444
0.8842369914054871
0.8960607051849365
0.9376258254051208
0.9479122161865234
0.910558819770813
0.9546092748641968
0.9527750015258789
0.9255135655403137
0.9795750379562378
0.9525855183601379
0.9359762668609619
0.912420928478241
0.9510846734046936
0.930429220199585
0.9957435727119446
0.9111934304237366
0.9784698486328125
1.0
0.9260227084159851
0.9308502674102783
0.965482234954834
0.9607983827590942
0.9792354106903076
0.9594554901123047
0.965042233467102
0.9913353323936462
0.9618650674819946
0.9345548152923584
0.9826293587684631
0.9570257663726807
0.9499609470367432
0.9144265651702881
0.9141255021095276
0.9495945572853088
0.960929811000824
0.9828632473945618
0.9206289052963257
0.9293374419212341
0.9591343402862549
0.8997883200645447
0.9319491982460022
0.9249064922332764
0.9504199028015137
0.9423090815544128
0.9793674349784851
0.9519042372703552
0.9324209094047546
0.9321267008781433
0.9520615339279175
0.9579722285270691
0.957423746585846
0.9734038710594177
0.9370526075363159
0.9738956093788147
0.9016844630241394
0.9640937447547913
0.9735528230667114
0.9735527634620667
1.0
0.923232913017273
0.968092143535614
0.9263636469841003
0.9711506366729736
0.9325706958770752
0.9716957807540894
0.9480136632919312
0.9739004969596863
0.9955078959465027
0.9397019147872925
0.9571940302848816
0.9232408404350281
0.9452251195907593
0.9685677289962769
0.9089099168777466
1.0
0.9503446817398071
0.9227092862129211
0.9790560007095337
0.9259436726570129
0.9621616005897522
0.972137987613678
0.9634093642234802
0.9669250249862671
0.9766926765441895
0.957909345626831
0.9454953670501709
0.9857837557792664
0.9878013134002686
0.9622207283973694
1.0
0.9687540531158447
0.9725742936134338
0.9700966477394104
0.9347152709960938
0.9014270305633545
0.9466363787651062
0.9103521704673767
0.9802573919296265
0.9300508499145508
0.9300506711006165
0.9214104413986206
0.9003574252128601
0.9072733521461487
0.9619544744491577
0.9747781157493591
0.8995854258537292
0.928005576133728
0.9963468909263611
0.9717108011245728
0.9799891114234924
0.9965367317199707
0.9852846264839172
0.9404544830322266
0.9286733865737915
0.9209311604499817
0.9977036714553833
1.0
1.0
0.9465534090995789
0.9769327044487
0.9513693451881409
0.9015461206436157
0.9171732068061829
0.9171731472015381
0.9499316215515137
0.9532840847969055
0.9434225559234619
1.0
1.0
0.98715740442276
0.9864192008972168
1.0
0.9780750870704651
0.9748750329017639
1.0
0.9971410036087036
0.9715573787689209
1.0
0.9753247499465942
0.9798358678817749
0.9313503503799438
1.0
0.9958531856536865
0.9549036026000977
0.9937110543251038
0.960250973701477
0.9986919164657593
0.940771222114563
0.9619242548942566
0.9781209230422974
0.9947220087051392
0.9568052887916565
0.9623345732688904
0.9279061555862427
0.9376824498176575
1.0
0.9580908417701721
0.9667731523513794
0.9883869290351868
0.9626284241676331
0.9699050784111023
0.9509905576705933
0.9603720307350159
0.9413453340530396
0.9225703477859497
0.9227399230003357
0.8927087783813477
0.9637038707733154
0.9368077516555786
0.9824408292770386
1.0
1.0
1.0
0.9661171436309814
1.0
0.9775612354278564
0.9739246368408203
0.9788355231285095
0.9358769059181213
1.0
1.0
1.0
0.9720033407211304
0.9814404249191284
0.9903721213340759
1.0
1.0
0.9743629693984985
0.951740562915802
0.9404699802398682
1.0
0.9864906668663025
0.916061520576477
1.0
0.9928138852119446
0.9707770943641663
0.9811350703239441
0.991320013999939
1.0
0.9464831352233887
1.0
1.0
0.9846727252006531
1.0
1.0
0.9756272435188293
0.9871642589569092
1.0
1.0
0.989499032497406
1.0
1.0
1.0
0.9527548551559448
0.9630246758460999
0.9127988815307617
0.9530532360076904
0.9679787755012512
1.0
1.0
1.0
0.9523573517799377
0.9552603363990784
0.9927113056182861
1.0
1.0
0.9788798689842224
0.9827945828437805
0.9884389638900757
1.0
1.0
0.9935387372970581
1.0
1.0
1.0
0.9862082004547119
0.9829561710357666
0.9743078351020813
0.917959988117218
1.0112911462783813
0.9540250897407532
1.0
0.9815650582313538
0.9815650582313538
0.9188865423202515
1.0101805925369263
1.0
1.0
1.0
1.0
0.9506760239601135
0.9683622717857361
1.0
1.0
0.9899053573608398
1.0
0.9417008757591248
0.9246004819869995
0.9300206899642944
0.9139930605888367
0.9316475987434387
0.975703239440918
1.0
1.0
1.0
0.9504450559616089
1.0
0.9347418546676636
1.0
0.998233437538147
1.0
1.0
1.0
0.9791626334190369
1.0
1.0
1.0
0.9828847050666809
0.9828847646713257
0.9960170984268188
0.9845466017723083
0.9843280911445618
0.9295501112937927
1.0131219625473022
0.9666352272033691
0.9797549843788147
0.9309155344963074
0.9055339097976685
0.9202208518981934
0.9911758303642273
1.0
1.0
1.0
1.0
0.9709752798080444
0.9709752202033997
0.9632036685943604
0.9552696943283081
0.99345463514328
0.9432170391082764
0.9871934056282043
0.9797890186309814
0.9891704320907593
0.9914684891700745
0.9622669816017151
0.971574604511261
0.9432066679000854
0.9904614686965942
1.0
1.0
0.9963613748550415
1.0
1.0
1.0
1.0
0.9979391694068909
0.9566600918769836
0.9409348964691162
1.0
0.9877834916114807
0.9637120366096497
0.9811621904373169
1.0
0.9829787015914917
0.9243406057357788
0.9568649530410767
0.9448973536491394
0.938589334487915
0.9472180008888245
0.9467385411262512
1.0169429779052734
1.0
0.9529100060462952
0.9322254061698914
1.006990671157837
1.0
0.9872370958328247
0.9744890332221985
0.9825144410133362
0.9715538620948792
0.9786126613616943
0.9423869848251343
0.917239785194397
0.9905911684036255
1.0
0.9874324798583984
0.9803621172904968
0.9532069563865662
1.0
0.9198848009109497
1.0
0.9337483048439026
0.9832298159599304
0.9550654888153076
0.959677517414093
1.0
0.9850290417671204
1.0
1.0
1.0
0.9516628980636597
0.9553068280220032
0.987155556678772
1.0
0.9736821055412292
0.9478984475135803
1.0230205059051514
1.0
0.985633134841919
0.985241174697876
0.9784241914749146
0.9358764886856079
0.9420806169509888
0.9671101570129395
0.9169841408729553
0.9086084365844727
0.914391040802002
0.994507908821106
0.991791307926178
0.9865076541900635
0.9865077137947083
1.0
0.9483855962753296
1.0
0.9744101762771606
0.9831556081771851
1.0
1.0
0.9971202611923218
0.9589634537696838
1.0
0.9584073424339294
1.0
1.0
1.0
1.0
0.9743631482124329
0.9797428846359253
0.9753264784812927
1.0
0.9929001927375793
0.9986250400543213
1.0
1.0
0.993589460849762
0.9643365144729614
0.9949396848678589
0.9672141075134277
1.0143266916275024
1.0
1.0
0.9399733543395996
0.9947825074195862
1.0
0.9853561520576477
0.9571205377578735
0.9514796137809753
0.9427477717399597
0.9536712169647217
0.9939234256744385
0.993503987789154
1.0
0.9549999237060547
1.0
0.9980378150939941
0.9833666086196899
0.9477738738059998
0.969856858253479
1.0
1.0
0.984095573425293
1.0
0.9186029434204102
0.9867231845855713
0.9394378066062927
0.9793124198913574
1.0
1.0
0.9646201729774475
0.9512239694595337
0.9821129441261292
0.9956403970718384
1.0
1.0
1.0
0.9899536967277527
0.9295929074287415
1.0
0.9759042263031006
0.9654860496520996
0.9654860496520996
0.9258184432983398
0.9667940139770508
0.972271740436554
0.9670685529708862
0.9511420130729675
0.931277871131897
0.9897662401199341
1.0
0.9827032089233398
0.9437351226806641
1.0
0.9696059823036194
0.9489153623580933
0.9311432242393494
0.9312574863433838
0.9101312756538391
0.9297140836715698
0.9297140836715698
1.0129202604293823
0.993888258934021
0.9580156803131104
0.9140129089355469
0.9570104479789734
0.9504612684249878
0.8994777798652649
0.9081534147262573
0.9013772010803223
0.9679226875305176
1.0
1.0
0.9842565059661865
0.9787811636924744
0.9118382334709167
0.9868689775466919
0.9969095587730408
0.9390879273414612
0.9927695393562317
0.9353060126304626
0.9755487442016602
0.9409192204475403
0.9509264826774597
0.9503933191299438
0.9652440547943115
0.9592369198799133
0.9382498264312744
0.953392744064331
0.9084351658821106
0.9751138091087341
0.9446924328804016
0.9180715084075928
0.9691001176834106
0.9550170302391052
0.9550169706344604
0.9529887437820435
0.9154565930366516
0.9722190499305725
0.9885354042053223
0.9743390083312988
0.9620864391326904
0.9666434526443481
0.9428852796554565
0.9319024682044983
0.9731581807136536
0.9872912764549255
1.0
0.9289640188217163
0.9576932191848755
1.0
0.9410068988800049
0.9462906718254089
0.9722943902015686
1.0
1.0
0.9926913380622864
1.0
1.0
0.9980592131614685
1.0
1.0
1.0
1.0
1.0
1.0
1.0
1.0
1.0
0.9668224453926086
0.9841075539588928
0.9733971953392029
0.9278975129127502
0.9117133617401123
0.9927816987037659
0.9884380102157593
0.9632964134216309
0.9115596413612366
0.932802677154541
0.9295423626899719
0.9115237593650818
0.9018319249153137
0.9149819016456604
0.9829820990562439
0.9749787449836731
1.0
1.0
0.986884593963623
1.0
0.991374671459198
0.9455799460411072
0.9956416487693787
1.0
0.9857296943664551
0.9529109001159668
0.9164077043533325
0.9164076447486877
0.9877610802650452
0.9322454333305359
0.9763073325157166
0.9738865494728088
0.9700539112091064
0.9550878405570984
0.9951415061950684
0.9832679033279419
0.9851070642471313
0.9982591271400452
1.0
1.0
0.9414695501327515
0.9693184494972229
0.9800027012825012
0.951734721660614
0.9517346620559692
0.982173502445221
1.0
0.9715543985366821
1.0
1.0
1.0
0.9878564476966858
1.0
0.9691516757011414
1.0
0.9913297891616821
0.9408696293830872
1.0
1.0
0.9603267312049866
0.9563195705413818
1.011337161064148
1.0
1.0
1.0
0.9552367329597473
0.9441807866096497
1.0166569948196411
0.999533474445343
0.9538809657096863
0.9621282815933228
1.0033466815948486
1.0
0.9531903862953186
0.9686371684074402
0.9817199110984802
0.9769540429115295
0.9617050886154175
0.9387781620025635
0.9050265550613403
1.0075068473815918
1.0
0.9517634510993958
0.9172036647796631
0.9174636006355286
0.9780126810073853
0.9501639604568481
0.9581633806228638
0.9578745365142822
0.9328731298446655
0.9100423455238342
0.9256503582000732
0.9116028547286987
0.9818691611289978
0.9837214350700378
1.0
0.994839608669281
1.0
0.9435667395591736
0.953780472278595
0.9914237856864929
0.9938979744911194
0.9559146165847778
1.0
0.991954505443573
0.9788244366645813
0.9399362206459045
0.9713724255561829
1.0
0.9357292056083679
0.9869683980941772
0.9315313100814819
0.9315312504768372
0.9334128499031067
0.9946568012237549
0.9800175428390503
1.0
0.9859936237335205
0.9739210605621338
0.942329466342926
0.9770162105560303
1.0
0.9135736227035522
0.9817888140678406
0.9920526742935181
1.0
0.9268350005149841
0.9524189829826355
0.9524189233779907
0.9938719272613525
1.0
0.9838566184043884
1.0
0.9751841425895691
0.9631158113479614
0.9607589244842529
0.985087513923645
1.0
0.9329037666320801
0.945689857006073
0.9264225959777832
0.9254564046859741
0.9202993512153625
0.9211132526397705
0.916162371635437
0.9415026307106018
0.9209154844284058
0.9157161712646484
0.9263728260993958
0.9207512140274048
0.9323709011077881
0.9489626288414001
0.9690335392951965
1.0
0.9703027606010437
1.0
1.0
0.9300525188446045
0.9652206301689148
0.9652206301689148
1.0
0.9701814651489258
0.9351523518562317
0.957989513874054
0.98846435546875
0.963333249092102
0.9667752981185913
0.9747841358184814
0.9665132164955139
0.9370511174201965
0.9882532358169556
1.0
1.0
1.0
1.0
0.9541418552398682
0.9991019368171692
1.0
1.0
1.0
0.994775652885437
0.9781556129455566
1.0
0.9876903891563416
1.0
1.0
1.0
1.0
0.9891713857650757
0.944365382194519
0.9196824431419373
1.0208356380462646
1.0
0.9348431825637817
0.9800525903701782
0.9768384099006653
0.9706267714500427
1.0
1.0
0.9491108059883118
1.0
1.0
0.9819191694259644
0.9506406784057617
0.9265158772468567
0.9274170398712158
0.9293451309204102
0.9269454479217529
1.0013086795806885
1.0
0.9506779313087463
0.9446711540222168
0.9475749731063843
1.0028618574142456
1.0
0.9574632048606873
1.0
0.956182599067688
0.9621172547340393
0.9655954241752625
0.9124564528465271
0.98626309633255
1.0
0.929409921169281
0.9562142491340637
0.9172757267951965
0.9419930577278137
1.0
0.9758829474449158
0.9548459649085999
0.9330532550811768
0.9267481565475464
0.8913690447807312
0.9345542788505554
0.9591416716575623
0.9121419191360474
0.9254167675971985
0.920283317565918
0.951331377029419
0.951331377029419
0.9611085057258606
0.9582385420799255
0.951846182346344
0.9328778982162476
0.9191423654556274
0.9022952914237976
0.9764834642410278
0.8944849967956543
0.9529836177825928
0.9120281934738159
0.9141547679901123
0.9928832054138184
1.0
0.9847106337547302
0.9342463612556458
1.0
1.0
0.9841667413711548
1.0
0.9945348501205444
0.941618025302887
1.0
0.9717459082603455
0.9789450764656067
0.9713647365570068
0.9664252400398254
1.0
0.9939426779747009
1.0
1.0
0.913870632648468
0.9209097623825073
0.9603169560432434
0.9603169560432434
0.9269158840179443
0.9382326602935791
0.9834467768669128
0.9347304105758667
0.9477939009666443
0.9961997866630554
0.975537121295929
0.9692435264587402
0.9291711449623108
0.962273120880127
0.9494646191596985
0.9686848521232605
1.0
0.967308521270752
0.9443157911300659
0.9385107159614563
0.9717775583267212
0.9133730530738831
0.9909332394599915
1.0
1.0
0.9148735404014587
0.9296411275863647
0.9658768773078918
0.9720390439033508
0.9220815896987915
0.9491987228393555
0.9451634287834167
0.961337149143219
0.9438613653182983
0.9466931819915771
0.937227725982666
0.932614266872406
0.9479607939720154
0.9027592539787292
0.9489405751228333
0.9276090860366821
0.9337379932403564
0.9406110048294067
0.9446133971214294
0.9297657608985901
0.9473801851272583
0.8976108431816101
0.9047028422355652
0.934750497341156
0.991348147392273
1.0
1.0
0.9883544445037842
1.0
0.9824547171592712
0.9547625780105591
0.999690592288971
0.9329448938369751
1.0
1.0
0.9908223748207092
0.9943969249725342
0.9257837533950806
0.9462820887565613
1.0
1.0
0.9956504702568054
0.949038565158844
0.9691669940948486
0.9484905004501343
1.0
0.995083749294281
0.9534195065498352
0.9328767657279968
0.9670449495315552
0.9497554302215576
0.9633842706680298
0.9183272123336792
0.9797836542129517
0.9478879570960999
0.9492706656455994
0.9464056491851807
0.9360348582267761
0.9230940341949463
0.9390494227409363
0.9148454070091248
0.9539448022842407
0.9227368831634521
0.9227368235588074
0.9227367639541626
0.9400383830070496
1.0
1.0
1.0
0.950891375541687
1.0
0.98059856891632080.8510723114013672
0.8697870373725891
0.9023424386978149
0.9787111878395081
0.9491893649101257
0.9568610787391663
0.8664163947105408
0.9163520336151123
0.9412587285041809
0.9396620392799377
0.9205850958824158
0.9077207446098328
0.9142366647720337
0.9005511999130249
0.9107498526573181
0.9037449955940247
0.8952934741973877
0.844663679599762
0.950981616973877
0.7717137336730957
0.9302729368209839
0.8902603387832642
0.8757166862487793
0.8718252182006836
0.9191868305206299
0.823390781879425
0.8638983368873596
0.8488184809684753
0.8948429226875305
0.9193108677864075
0.7375572919845581
0.7307526469230652
0.8209679126739502
0.8323599696159363
0.8302964568138123
0.7942647933959961
0.8118404746055603
0.8108171224594116
0.7932532429695129
0.7210399508476257
0.9183224439620972
0.8938186764717102
0.8645009994506836
0.9242309927940369
0.9537143111228943
0.7961922883987427
0.8360275626182556
0.7863262295722961
0.8176079988479614
0.8401659727096558
0.782713770866394
0.7491766810417175
0.8111079335212708
0.7983611822128296
0.7285914421081543
0.904478132724762
0.9002104997634888
0.8823903203010559
0.9294583201408386
0.8945903182029724
0.9842240810394287
0.9215982556343079
0.9579224586486816
0.9688167572021484
1.0
0.7693954706192017
0.659814715385437
0.7208121418952942
0.6620597839355469
0.6612118482589722
0.9935723543167114
0.9820167422294617
0.9729202389717102
1.0
0.9843791723251343
0.746364176273346
0.7780485153198242
0.7494234442710876
0.7113233804702759
0.7205144762992859
0.7425664067268372
0.7645035982131958
0.78898686170578
0.7921406030654907
0.7097001075744629
0.8362724184989929
0.8817883133888245
0.8914075493812561
0.8591732978820801
0.8950890302658081
0.8690357804298401
0.8879299759864807
0.9034526348114014
0.8860897421836853
0.8633534908294678
0.8756307363510132
0.8276867270469666
0.8042672276496887
0.8979674577713013
0.9435785412788391
0.8157685995101929
0.8681619167327881
0.8353539109230042
0.7913883924484253
0.8629708290100098
0.763671875
0.8519760966300964
0.70185786485672
0.851803719997406
0.8156553506851196
0.9818785786628723
0.9949492812156677
0.9753068089485168
1.0
0.9259815216064453
0.9924270510673523
0.9200496673583984
0.9827584028244019
0.966083288192749
0.9512298107147217
0.970234751701355
1.0
0.991174042224884
0.9930682182312012
1.0
0.9678483009338379
0.9180670380592346
0.9760646224021912
0.9334115982055664
0.8652500510215759
0.6988924741744995
0.7551751136779785
0.7573494911193848
0.6903114914894104
0.763869047164917
0.7774534821510315
0.7159214615821838
0.8262796998023987
0.7305842041969299
0.7926192283630371
0.738181471824646
0.7400094270706177
0.9030508399009705
0.8951243162155151
0.8089725375175476
0.9506909847259521
0.9386909604072571
0.89056795835495
0.952424168586731
0.8495094776153564
0.8466049432754517
0.8530909419059753
0.8754323720932007
0.8796876668930054
0.8850699663162231
0.7912474274635315
0.779409646987915
0.7332693338394165
0.7581434845924377
0.8059077858924866
0.8140060305595398
0.8376301527023315
0.6881316900253296
0.8264795541763306
0.7763186097145081
0.7922999858856201
0.7786123156547546
0.8026822209358215
0.8655962347984314
0.7333154082298279
0.747564435005188
0.7152142524719238
0.7541554570198059
0.7704785466194153
0.8035095930099487
0.7149896621704102
0.7077125906944275
0.5950040817260742
0.6626198887825012
0.7346464395523071
0.6537100672721863
0.6512060165405273
0.7085137963294983
0.7325517535209656
0.6515481472015381
0.5847201347351074
0.6837186813354492
0.6398285627365112
0.5918744802474976
0.638068437576294
0.8600808382034302
0.9415780901908875
0.894094705581665
0.9180033802986145
0.8558546900749207
0.7457116842269897
0.7510164380073547
0.7932284474372864
0.7781527042388916
0.7617493867874146
0.7257992029190063
0.6702831387519836
0.7447283267974854
0.7060515284538269
0.7328969836235046
0.720508873462677
0.7826430201530457
0.7359535694122314
0.731397807598114
0.7020343542098999
0.6435962915420532
0.7723426818847656
0.735595703125
0.7544742822647095
0.7955842614173889
0.9953952431678772
1.0
0.9552052617073059
0.9922001957893372
0.9853088855743408
0.9854458570480347
0.8662505149841309
0.9665308594703674
0.9665306210517883
0.8661777377128601
0.9788433909416199
0.8770081400871277
0.730768620967865
0.732315719127655
0.8910825848579407
0.7928326725959778
0.7572140693664551
0.7558159232139587
0.7018661499023438
0.7422754168510437
1.0
0.9085217118263245
1.0
1.0
0.879895031452179
1.0
0.963763415813446
0.9553999304771423
0.953167200088501
0.9427998065948486
0.951021134853363
0.9573860168457031
0.8858560919761658
0.9425534605979919
0.903969943523407
0.7941344976425171
0.7872052192687988
0.8086205720901489
0.8051650524139404
0.8191101551055908
0.7642293572425842
0.7472564578056335
0.7682146430015564
0.8070607781410217
0.8182878494262695
0.9611781239509583
0.9691842794418335
0.9576911926269531
0.9714745879173279
0.9774951338768005
0.8159409165382385
0.7476444244384766
0.7560228705406189
0.7768771648406982
0.8118887543678284
0.9525325298309326
1.0
1.0
0.99921053647995
0.9443361759185791
0.8617450594902039
0.8977581262588501
0.7895933389663696
0.7850493788719177
0.8474542498588562
0.7412617206573486
0.8189977407455444
0.8261111974716187
0.8274915814399719
0.815387487411499
0.6756548285484314
0.7342217564582825
0.6935328245162964
0.7110212445259094
0.9059598445892334
0.9091545343399048
0.8233442902565002
0.9062723517417908
0.8088449239730835
0.8088440895080566
0.8896839022636414
0.8667774796485901
0.8892845511436462
0.9582380056381226
0.990429162979126
0.7491911053657532
0.769145131111145
0.7653235793113708
0.7339029312133789
0.8390315771102905
0.8812355995178223
0.8807680010795593
0.7927391529083252
0.7519633173942566
0.7904965281486511
0.8188958168029785
0.7769405841827393
0.803658664226532
0.8790348768234253
0.6900184154510498
0.8132602572441101
0.7850885987281799
0.7960280776023865
0.7821213603019714
0.8859907984733582
0.8654508590698242
0.9170230031013489
0.9527958631515503
0.8121948838233948
0.7851056456565857
0.8457936644554138
0.8638615608215332
0.8487927317619324
0.8074887990951538
0.7429987788200378
0.736601710319519
0.7944978475570679
0.7222054600715637
0.7403826713562012
0.7397681474685669
1.0
0.9873309135437012
1.0
0.9086835980415344
0.9708961248397827
0.9806404113769531
1.0
0.9166479110717773
0.9847243428230286
0.9070895910263062
0.7030776739120483
0.7108681201934814
0.6831623315811157
0.6372939348220825
0.6414862275123596
0.7203997373580933
0.7203972339630127
0.7816872596740723
0.6738476157188416
0.8733487129211426
0.9421989917755127
0.8504951000213623
0.9136584401130676
0.87041836977005
0.8203952312469482
0.941493034362793
0.8159086108207703
0.8979013562202454
0.8382955193519592
0.7759913206100464
0.7756232619285583
0.8572088479995728
0.8461026549339294
0.8703803420066833
0.9076834917068481
0.9405202865600586
0.9511610865592957
0.9525880217552185
0.9539096355438232
1.023518443107605
0.9514092206954956
0.9752445816993713
0.9498361349105835
0.9310202598571777
1.0
1.0
1.0
1.0
1.0
0.9846652150154114
0.7115323543548584
0.7307230830192566
0.8004122972488403
0.8061770796775818
0.7741842865943909
0.7775076031684875
0.8176185488700867
0.866362452507019
0.8348715305328369
0.8123239874839783
0.8231109380722046
0.7423161864280701
0.7165987491607666
0.7424342632293701
0.8173735737800598
0.9165478944778442
0.9157349467277527
0.936987042427063
0.979145884513855
1.0
0.6630524396896362
0.6838706135749817
0.6677501797676086
0.5737930536270142
0.6519505381584167
0.8751379251480103
0.9325823783874512
0.8534754514694214
0.9379948377609253
0.8659483790397644
0.9273030757904053
0.8933258056640625
0.8073464632034302
0.748974084854126
0.8019778728485107
0.8249872326850891
0.8394750356674194
0.7579195499420166
0.8232815861701965
0.8717125654220581
0.8719343543052673
0.8453067541122437
0.8126842975616455
0.7816246747970581
0.7135433554649353
0.7850694060325623
0.7469369173049927
0.616226315498352
0.8136156797409058
0.8414059281349182
0.9152255654335022
0.9134504199028015
0.6464146375656128
0.6265574097633362
0.7840562462806702
0.7916844487190247
0.8305356502532959
0.7605405449867249
0.7787767648696899
0.719527006149292
0.7792752385139465
0.6014764904975891
0.6236780285835266
0.7465033531188965
0.7391224503517151
0.9011656045913696
0.9371944665908813
1.0
1.0
1.0
0.8267210125923157
0.8394936919212341
0.7973495721817017
0.7899975180625916
0.862838625907898
0.9118755459785461
0.953291118144989
0.8856754302978516
0.9953131079673767
0.9692035913467407
0.9622638821601868
0.9877331852912903
0.9877331256866455
1.0
1.0
0.7714608311653137
0.8329821228981018
0.8435578942298889
0.8312408328056335
0.8256410956382751
0.9264920949935913
0.9631195068359375
1.0
1.0
0.9913350343704224
0.9840685129165649
0.9797272086143494
0.9476293325424194
0.9385881423950195
0.8948310613632202
0.8174188137054443
0.8133242130279541
0.855015754699707
0.7762165665626526
0.8233619928359985
0.8487246632575989
0.7745213508605957
0.8663619756698608
0.8663610219955444
0.8989561200141907
0.8232826590538025
0.8338155150413513
0.7316350340843201
0.7608883380889893
0.8349574208259583
0.8600250482559204
0.856838583946228
0.8613380193710327
0.7655638456344604
0.9095736145973206
0.7919896841049194
0.7985582947731018
0.7402892112731934
0.7439768314361572
0.7884085774421692
0.9536600708961487
0.9289755821228027
0.8353217840194702
1.0
1.0
0.9984957575798035
1.0
1.0
0.9609780311584473
1.0
0.7616215944290161
0.7466259598731995
0.7390409708023071
0.7338557839393616
0.7625396847724915
0.8617144227027893
0.7302427291870117
0.6994884610176086
0.7398991584777832
0.7243813872337341
0.7534187436103821
0.8607206344604492
0.8771485686302185
0.7995005249977112
0.7908743023872375
0.8629321455955505
0.9015977382659912
0.8240025043487549
0.8228551149368286
0.8643715977668762
0.8127059936523438
0.8355311155319214
0.895780086517334
0.8576880097389221
0.8571708798408508
0.8648028373718262
0.7829930186271667
0.7130741477012634
0.7265171408653259
0.7558690309524536
1.0
1.0
1.0
1.0
1.0
0.9002088904380798
0.8335436582565308
0.8639709949493408
0.801112949848175
0.7895865440368652
0.7514855861663818
0.8188369870185852
0.8548011183738708
0.824519693851471
0.8895615935325623
0.7609054446220398
0.8535122275352478
0.8183363080024719
0.8564798831939697
0.820926308631897
1.0
0.8219471573829651
0.9130834937095642
0.854556679725647
0.8781142830848694
0.9610726833343506
0.947189211845398
0.9292053580284119
0.9276235103607178
0.9224651455879211
0.9259065985679626
0.9429286122322083
0.9527525305747986
0.9245248436927795
0.9057931900024414
0.8643630146980286
0.7592581510543823
0.7563608884811401
0.7439472675323486
0.7688552141189575
0.9986496567726135
0.9508751034736633
0.9993369579315186
1.0
1.0
0.9679985642433167
0.9442148804664612
0.8883808255195618
0.8446861505508423
0.8925648927688599
0.7396977543830872
0.725406289100647
0.7254042029380798
0.8564317226409912
0.8307417035102844
0.7664501667022705
0.7650050520896912
0.879365086555481
0.8522300124168396
0.7487284541130066
0.8433239459991455
0.9824065566062927
0.9335644245147705
1.0
1.0
0.7895452380180359
0.7388145327568054
0.82077956199646
0.771254301071167
0.7476443648338318
0.9837856292724609
0.9379563331604004
0.8683727979660034
0.9573870301246643
0.9496486783027649
1.0
1.0
1.0
0.93910151720047
0.9909113049507141
0.8302666544914246
0.8675050735473633
0.811202347278595
0.8315210342407227
0.8279606103897095
0.986729085445404
1.0
0.8749118447303772
1.0
1.0
0.9731218218803406
1.0
0.9852423667907715
0.9677959084510803
0.8747199177742004
0.8103751540184021
0.7918922901153564
0.6895274519920349
0.7069680690765381
0.678185224533081
0.8024834990501404
0.788759171962738
0.8077043890953064
0.7246048450469971
0.7388333678245544
0.7908820509910583
0.6972693204879761
0.6724897623062134
0.6887930035591125
0.7010260224342346
0.6793901920318604
0.6942827105522156
0.7674905061721802
0.7486745119094849
0.727725088596344
0.8005812764167786
0.8092895150184631
0.8246193528175354
0.8212003111839294
0.8862056732177734
0.870130181312561
0.7771960496902466
0.8362075686454773
0.7464601993560791
0.8040716052055359
0.6924393773078918
0.7701223492622375
0.6603044867515564
0.8012816309928894
0.8012797236442566
0.7031074166297913
0.7756865620613098
0.6952589154243469
0.6901779770851135
0.7641502618789673
0.7199371457099915
0.7035935521125793
0.7191939949989319
0.557114839553833
0.620164692401886
0.6982910633087158
0.7158976793289185
0.6254106760025024
0.7515776753425598
0.7311564087867737
0.6197261810302734
0.6977905035018921
0.7464762926101685
0.547881007194519
0.6912329792976379
0.7059438824653625
0.6901687383651733
0.6107779145240784
0.7194074392318726
0.5946438908576965
0.9036992192268372
0.8500025868415833
0.9130580425262451
0.9410349726676941
0.9576759338378906
1.0
1.0
0.9118536114692688
1.0
0.9708386063575745
1.0
0.9744711518287659
0.9004807472229004
0.8598443865776062
0.8114485740661621
0.79433673620224
0.7919602394104004
0.689651608467102
0.8415366411209106
0.8129404783248901
0.7175619602203369
0.7348479628562927
0.7060282230377197
0.796485185623169
0.6961057782173157
0.8017723560333252
0.7504709362983704
0.7508145570755005
0.7646732330322266
0.8327969312667847
0.9274910688400269
0.8104411363601685
0.9470031261444092
0.8725606799125671
0.8834498524665833
0.8009124398231506
0.6948911547660828
0.7171215415000916
0.8017674684524536
0.8411493897438049
0.8635817766189575
0.949550986289978
0.9305663108825684
1.0
0.9419618248939514
0.9373883605003357
0.9397068619728088
1.0
0.9399052858352661
1.0
0.6718466281890869
0.6960790157318115
0.7798225283622742
0.7681129574775696
0.7420788407325745
0.6903266310691833
0.6417349576950073
0.7499952912330627
0.68287593126297
0.7439268231391907
0.9377263784408569
0.9546710252761841
0.9961264133453369
0.9656083583831787
1.0
0.8578709959983826
0.7737765908241272
0.884380042552948
0.8818235993385315
0.7455997467041016
0.6542276740074158
0.6527235507965088
0.5909714698791504
0.5923747420310974
0.643778383731842
0.6410775780677795
0.5992339253425598
0.6858296394348145
0.7379357218742371
0.6221567988395691
0.751625120639801
0.7211294770240784
0.7025613188743591
0.8145232200622559
0.6719807982444763
0.7365444302558899
0.678746223449707
0.6787422299385071
0.769322395324707
0.68618243932724
0.7309111952781677
0.8858869671821594
0.8164029717445374
0.6965259909629822
0.8286520838737488
0.9610738754272461
0.989098310470581
0.9370096921920776
0.9913903474807739
0.9913902878761292
0.7082399129867554
0.7874183654785156
0.7447361350059509
0.6508126854896545
0.6896631121635437
0.7409367561340332
0.65193110704422
0.7132353782653809
0.6562133431434631
0.8907409310340881
0.8411567211151123
0.742325484752655
0.6929915547370911
0.676374614238739
0.6832314729690552
0.7447307109832764
0.719112753868103
0.8058569431304932
0.8332759737968445
0.7665001749992371
0.6357329487800598
0.7533215284347534
0.8360852599143982
0.836083173751831
0.7218740582466125
0.8904315829277039
0.8418036103248596
0.9024839997291565
1.0
1.0
0.9023717641830444
0.8719595670700073
0.8972322344779968
0.9299718141555786
0.9212430715560913
0.8558762073516846
0.7786931991577148
0.7389944195747375
0.7904976606369019
0.7535739541053772
0.8552528619766235
0.777108907699585
0.8065511584281921
0.8422338962554932
0.7973157167434692
1.0
1.0
1.0
0.9913315176963806
1.0
0.6492502093315125
0.6492898464202881
0.6083049774169922
0.5461186766624451
0.5865980982780457
0.71755450963974
0.6580759286880493
0.7292520999908447
1.0
1.0
0.9511033892631531
0.9418551921844482
0.9516950249671936
1.0
1.0
0.6600058078765869
0.6395576000213623
0.7670923471450806
0.828056275844574
0.8383268117904663
0.6715037822723389
0.7298008799552917
0.6108224391937256
0.6974769830703735
0.6514406204223633
0.8086957931518555
0.7718405723571777
0.8007375597953796
0.8508272767066956
0.8093740344047546
0.5772249102592468
0.6518884301185608
0.7267740964889526
0.6686625480651855
0.49844875931739807
0.9238192439079285
0.7368110418319702
0.9066199064254761
1.0
1.0
0.7352698445320129
0.6505554914474487
0.7362465858459473
0.6626942157745361
0.6793577671051025
0.8109022974967957
0.8109002709388733
0.6289789080619812
0.7158146500587463
0.699824333190918
0.6970727443695068
0.6621211767196655
0.6756569743156433
0.8170839548110962
0.8193973302841187
0.7367583513259888
0.6845290064811707
0.7865776419639587
0.8449520468711853
0.8781731128692627
0.8280607461929321
0.897966206073761
0.822570264339447
0.7973300218582153
0.7081034183502197
0.95880526304245
0.9526846408843994
1.0
0.9113426208496094
0.9648898839950562
0.7398964762687683
0.7702333927154541
0.7042876482009888
0.7224786877632141
0.6564589142799377
0.8578313589096069
0.857829749584198
0.8742863535881042
0.8215380907058716
0.8414508700370789
0.8025407195091248
0.6847881078720093
0.5912309885025024
0.7671517729759216
0.7680080533027649
0.620824933052063
0.6366993188858032
0.6715391874313354
0.6032794117927551
0.6322054862976074
0.8075489401817322
0.9147840142250061
0.8212382197380066
0.7423062324523926
0.6237220764160156
0.6782271862030029
0.6077019572257996
0.5995092988014221
0.6736078262329102
0.7459908127784729
0.6283373236656189
0.6772472858428955
0.6076538562774658
0.6387620568275452
0.608666181564331
0.7975441217422485
0.7541406750679016
0.6535583734512329
0.5971930027008057
0.7240644693374634
0.6047540903091431
0.6301066279411316
0.6273627877235413
0.5819603800773621
0.5907002687454224
0.7221202254295349
0.6472408771514893
0.7509669661521912
0.7509645819664001
0.6641385555267334
0.8779497146606445
0.9356462955474854
0.8718752861022949
0.9719144701957703
0.9928144216537476
0.9516897201538086
1.0
1.0
0.9537672400474548
0.9640095233917236
0.6773518919944763
0.6762807369232178
0.6153172254562378
0.6472521424293518
0.728358268737793
0.8017511367797852
0.9234129190444946
0.9380883574485779
0.9138127565383911
0.9138118624687195
0.4966922700405121
0.5641173720359802
0.4530138671398163
0.46618902683258057
0.4000851511955261
0.662366509437561
0.7019111514091492
0.6174106001853943
0.5033410787582397
0.6270121335983276
0.29984068870544434
0.29321402311325073
0.2796432077884674
0.27538108825683594
0.07649728655815125
0.39885857701301575
0.6545759439468384
0.3551619350910187
0.530269980430603
0.6920578479766846
0.958774745464325
1.0
0.76969975233078
0.9087641835212708
0.7333850264549255
0.42489323019981384
0.4067847728729248
0.5026133060455322
0.5026025772094727
0.511387288570404
0.6252301335334778
0.5810335278511047
0.663026750087738
0.7160301804542542
0.8044047355651855
0.4277806282043457
0.2719586491584778
0.4021229147911072
0.3616451323032379
0.44708237051963806
0.08034610748291016
0.16921043395996094
0.08373413234949112
0.15457992255687714
0.0
0.0
0.0
0.0
0.014534185640513897
0.08154087513685226
1.0
1.0
1.0
1.0
1.0
1.0
0.9729477763175964
0.9280878305435181
0.9155585169792175
0.872001051902771
0.6452506184577942
0.624505341053009
0.6911857724189758
0.6941841840744019
0.6980549693107605
1.0
1.0
1.0
1.0
0.9266762733459473
0.9296851754188538
0.8923718333244324
1.0
0.9797226786613464
0.9967865347862244
0.8363365530967712
0.8230493068695068
0.8100074529647827
0.8460689783096313
0.8461389541625977
1.0
1.0
0.8552984595298767
1.0
0.9705633521080017
0.4067249894142151
0.12305188179016113
0.11730805784463882
0.0835813507437706
0.0
0.12536022067070007
0.3359043002128601
0.2853149175643921
0.30781984329223633
0.16229353845119476
0.5998542904853821
0.7290531992912292
0.7270126342773438
0.7000811696052551
0.6487259268760681
0.1433964967727661
0.08444894850254059
0.11928530782461166
0.1308591067790985
0.14510948956012726
0.0
0.04383568838238716
0.019276907667517662
0.0012124538188800216
0.03620338439941406
0.0
0.0
0.0
0.0
0.0
0.15652957558631897
0.1539793312549591
0.07883620262145996
0.11206027120351791
0.044785261154174805
0.1712353378534317
0.18565039336681366
0.24287326633930206
0.23257942497730255
0.18381744623184204
0.4770139157772064
0.5565698742866516
0.5518573522567749
0.5175838470458984
0.5122843384742737
1.0
0.9443364143371582
1.0
1.0
1.0
0.6704910397529602
0.6485687494277954
0.620553731918335
0.6344974040985107
0.5878663659095764
1.0
1.0
1.0
0.9839434623718262
1.0
1.0
0.8900865912437439
0.9671362042427063
0.928924024105072
0.9066565632820129
0.6442460417747498
0.670267641544342
0.6667956709861755
0.7183122038841248
0.7094967365264893
0.6036615967750549
0.5528279542922974
0.5865933895111084
0.6048004031181335
0.6008325219154358
0.8339709639549255
0.8323661684989929
0.8437446355819702
0.6848499178886414
0.7486657500267029
1.0
0.9450916647911072
1.0
0.9884158968925476
0.8984898328781128
0.7358768582344055
0.7387645244598389
0.8474801182746887
0.7340232729911804
0.8177916407585144
0.9874060750007629
0.9874060750007629
0.9405839443206787
0.9527600407600403
0.8940454125404358
0.8038459420204163
0.6779499053955078
0.6149030923843384
0.8976675868034363
0.6117249131202698
1.0
1.0
1.0
0.9039517045021057
1.0
0.8436874151229858
0.837043285369873
0.9017530083656311
0.8840329051017761
0.9633240103721619
0.8590884804725647
0.882095217704773
0.7819966673851013
0.7529572248458862
0.7902817130088806
0.9497864246368408
0.9555617570877075
0.9605429768562317
0.8824756145477295
0.9343231916427612
0.7255875468254089
0.7045501470565796
0.7435120344161987
0.7212073802947998
0.779146671295166
0.7624727487564087
0.7156271934509277
0.7632740139961243
0.7120001316070557
0.7520058155059814
0.6769105195999146
0.6908952593803406
0.7127218246459961
0.6805999875068665
0.7231243848800659
0.8935228586196899
0.868649959564209
1.0
1.0
0.9961624145507812
0.4007241129875183
0.39149045944213867
0.4230972230434418
0.42339450120925903
0.4750479459762573
1.0
1.0
1.0
1.0
1.0
0.8502964377403259
0.8502960801124573
0.8502956628799438
0.8670183420181274
0.9032845497131348
0.8285213708877563
0.8156188130378723
0.7896131277084351
0.805148720741272
0.8027965426445007
0.6357808113098145
0.6658374071121216
0.7139517068862915
0.7601558566093445
0.7505775094032288
0.956125020980835
0.9063906669616699
0.8625128269195557
0.8702901601791382
0.8508462309837341
0.7091637253761292
0.6969658732414246
0.7019982933998108
0.7041590809822083
0.7243452668190002
0.5260300636291504
0.5017066597938538
0.5143070220947266
0.5128636956214905
0.518078088760376
0.41601818799972534
0.42672061920166016
0.4680972397327423
0.4626660943031311
0.4555332064628601
0.43571677803993225
0.45913687348365784
0.43406155705451965
0.42836764454841614
0.42115071415901184
0.4846133291721344
0.4479227364063263
0.4763011932373047
0.44308751821517944
0.45839545130729675
1.0
1.0
0.9938023686408997
1.0
1.0
0.9694547057151794
0.9895628094673157
1.0
0.9585726261138916
0.971549928188324
0.5780918598175049
0.588931679725647
0.7194015383720398
0.8835698366165161
1.0
1.0
1.0
1.0
1.0
1.0
1.0
1.0
1.0
1.0
1.0
0.8893960118293762
0.8766372799873352
0.8644744753837585
0.8500605821609497
0.84956955909729
0.7516925930976868
0.7629198431968689
0.8004670143127441
0.7461307644844055
0.7779923677444458
0.6759228110313416
0.6340379118919373
0.5890151858329773
0.6487593650817871
0.697638988494873
0.6710588932037354
0.6788874268531799
0.7108047604560852
0.6939297914505005
0.7250266671180725
0.5329298377037048
0.5846742987632751
0.5377970933914185
0.5275959372520447
0.5422875285148621
0.5424064993858337
0.5197138786315918
0.5392947196960449
0.5157909393310547
0.4704616069793701
0.50258469581604
0.5232110023498535
0.4804080128669739
0.4022830128669739
0.4491109549999237
0.44179442524909973
0.4377944767475128
0.4604808986186981
0.40678808093070984
0.40487825870513916
0.9703376293182373
0.9930981397628784
0.9809478521347046
0.9882304668426514
1.0
1.0
1.0
1.0
0.9818764328956604
0.9747341871261597
0.7219308614730835
0.7439024448394775
0.7545408010482788
0.7216513752937317
0.7271934151649475
0.38909631967544556
0.3502383232116699
0.35871970653533936
0.38269877433776855
0.38770532608032227
0.7840973138809204
0.8375254273414612
0.8820118308067322
0.9987131953239441
1.0
0.7420254349708557
0.6890150904655457
0.6475662589073181
0.5746541619300842
0.4948468506336212
0.45733076333999634
0.49907225370407104
0.49809011816978455
0.5592546463012695
0.5643379092216492
0.24079762399196625
0.25533056259155273
0.2604655921459198
0.26602455973625183
0.31372877955436707
1.0
1.0
0.9477813243865967
0.9701988697052002
0.9936949014663696
0.9031647443771362
0.963070273399353
0.9631178975105286
0.9700032472610474
1.0
0.92326420545578
0.9554649591445923
0.9418405890464783
0.9115718007087708
0.9220776557922363
0.9624288082122803
0.9572954773902893
0.9614918231964111
0.9783281087875366
0.9718438386917114
0.5912744998931885
0.5714309215545654
0.581124484539032
0.6589551568031311
0.7322341203689575
0.7493499517440796
0.9544605016708374
0.7319538593292236
0.7264280915260315
0.8093584775924683
0.7880799174308777
1.0
1.0
1.0
1.0
0.9100629091262817
0.9010401368141174
0.9260188937187195
0.9162575006484985
0.9734323620796204
0.9986050724983215
0.9806720018386841
0.9738038182258606
0.9822041988372803
0.9975122809410095
1.0
1.0
0.8974411487579346
0.9624694585800171
0.8909874558448792
0.8223111629486084
0.8304470181465149
0.8879224061965942
0.911397397518158
0.9807353615760803
0.8726316690444946
0.8143919706344604
0.8165857195854187
0.8675016760826111
0.8885915279388428
0.8487459421157837
0.8493227362632751
0.8074520230293274
0.8787378668785095
0.8430441617965698
0.8727638125419617
0.8927932381629944
0.9054154753684998
0.8934412002563477
0.9056703448295593
0.8614873290061951
0.8787673711776733
0.8892759084701538
0.8617653250694275
0.8632398247718811
0.8987095952033997
0.8570640087127686
0.8522446155548096
0.8473064303398132
0.8700412511825562
0.9089753031730652
0.9176431894302368
0.8930090069770813
0.8445882201194763
0.9366212487220764
0.4271146059036255
0.36255189776420593
0.35631999373435974
0.3108636140823364
0.272213339805603
0.5612106323242188
0.5309038758277893
0.5268629193305969
0.5953207015991211
0.622077226638794
0.9758830070495605
0.9933181405067444
0.9457135200500488
0.9997203946113586
0.9051420092582703
0.9782761335372925
0.7896919846534729
0.9098194241523743
0.8995946049690247
0.8220757842063904
0.8727020621299744
0.9293922781944275
0.9169707894325256
0.9717013239860535
1.0
0.8577297329902649
0.8900224566459656
0.8557864427566528
0.8709185719490051
0.8501672744750977
0.8930907249450684
0.922986626625061
0.7834959030151367
0.796908438205719
0.7627386450767517
0.7951115965843201
0.767291247844696
0.7964325547218323
0.9037891626358032
0.8516567349433899
0.8221509456634521
0.7662021517753601
0.7964349985122681
0.8004538416862488
0.7586590647697449
0.5752304196357727
0.6809365749359131
0.6716766953468323
0.6283281445503235
0.6620989441871643
0.9528020024299622
0.9893776178359985
1.0
1.0
0.9936292767524719
0.7043708562850952
0.6573893427848816
0.6619173884391785
0.6687467694282532
0.6076340675354004
1.0
0.9960709810256958
0.9494708776473999
0.723976194858551
0.6456592082977295
0.673252522945404
0.7046080827713013
0.7006785869598389
0.7520196437835693
0.7778294086456299
1.0
1.0
0.844498336315155
0.6676363348960876
0.6752812266349792
0.9632301926612854
0.948567271232605
0.9477417469024658
0.9392073750495911
0.9439804553985596
0.9279089570045471
0.9368557929992676
0.95365309715271
0.976111114025116
0.9574966430664062
0.8727394342422485
0.9390400648117065
0.9370284676551819
0.9184026122093201
0.9184024333953857
0.9761958122253418
0.9723780155181885
0.9842366576194763
0.9667257070541382
1.0
0.9521747827529907
0.9436950087547302
0.9560290575027466
0.9146946668624878
0.8353347182273865
0.7600328922271729
0.7516409754753113
0.8223794102668762
0.9484723806381226
1.0
0.6483319401741028
0.6090525388717651
0.6441841721534729
0.5938606858253479
0.6022069454193115
0.8318312764167786
0.8692628741264343
0.8617912530899048
0.8658250570297241
0.9954060912132263
0.942862331867218
1.0
1.0
1.0
1.0
0.9260165691375732
0.8872732520103455
0.9495387673377991
0.9395994544029236
0.947965145111084
0.7263043522834778
0.7127453684806824
0.7145504355430603
0.7474454045295715
0.8298105001449585
0.919152557849884
0.9202408790588379
0.9062801003456116
0.9218690991401672
0.9414721131324768
0.8887083530426025
0.8987180590629578
0.9231249094009399
0.8962979316711426
0.9415125846862793
0.8765324354171753
0.9104958176612854
0.9233117699623108
0.8918311595916748
0.8603484630584717
0.9939762353897095
0.9926064610481262
0.9652628898620605
0.9898310899734497
0.9618620276451111
0.9894581437110901
1.0
0.9985631108283997
1.0
0.9897740483283997
0.9956566691398621
1.0
0.9625436663627625
1.0
1.0
0.8327276110649109
0.821118950843811
0.8256555199623108
0.895074188709259
0.8780197501182556
0.9298256635665894
0.9298255443572998
0.9102545380592346
0.8797448873519897
0.9521662592887878
0.8770875334739685
0.951102077960968
0.9030134677886963
0.8334876298904419
0.950279176235199
0.953123152256012
0.8761218786239624
0.9541125893592834
0.8693534731864929
0.8338795304298401
0.9400795698165894
0.9710062146186829
0.9148102402687073
0.953286349773407
0.9188749194145203
0.9268190264701843
0.9855867624282837
1.0
1.0
0.9612794518470764
1.0
0.9848607778549194
0.9546833634376526
1.0
0.9870637059211731
1.0
1.0
1.0
1.0
1.0
0.9693678617477417
0.9785285592079163
0.983246922492981
0.9795791506767273
0.9952513575553894
0.8886229991912842
0.9249548316001892
0.9636833071708679
0.9426558613777161
0.924350380897522
0.8402625322341919
0.855754554271698
0.9424688816070557
0.9126080274581909
1.0
0.836368203163147
0.8471850752830505
0.8499839901924133
0.8880612254142761
0.8919470906257629
0.9848297238349915
0.9842712879180908
1.0
0.9590159058570862
0.9338070750236511
1.0
0.9752009510993958
1.0
0.8951855897903442
0.9040985107421875
0.9299700856208801
0.9413671493530273
0.9413670301437378
0.9138645529747009
0.9424337148666382
0.9745330810546875
1.0
1.0
0.905791699886322
0.9850034117698669
0.9453703165054321
0.9672113656997681
0.9897825121879578
1.0
1.0
0.9673042297363281
0.9425846338272095
0.9861226677894592
0.9489239454269409
0.9234464168548584
0.8803994655609131
0.8425841331481934
0.8606283068656921
0.8561710715293884
0.9233309626579285
0.9264563918113708
0.9324581623077393
0.9102310538291931
0.99277263879776
0.9719154834747314
0.9067742228507996
0.9522715210914612
0.9399593472480774
0.9342678189277649
0.929763674736023
0.9481956958770752
0.9678289294242859
1.0
1.0
1.0
0.8900122046470642
0.8415651321411133
0.8418306708335876
0.8234243988990784
0.9066683650016785
0.8853627443313599
0.8352630138397217
0.8971500396728516
0.8802070617675781
0.8802069425582886
0.9543593525886536
0.9017848372459412
0.9684065580368042
0.9729896187782288
0.9521826505661011
0.8944043517112732
0.9518239498138428
0.95452880859375
0.9075154662132263
0.8920177221298218
0.9293175339698792
0.8839101791381836
0.9294065237045288
0.9148799180984497
0.9414753317832947
0.9533138871192932
0.9989038705825806
1.0
0.986810028553009
0.9711182713508606
0.9527703523635864
0.9356706738471985
1.0
1.0
0.9975603818893433
0.9119023680686951
0.9065775871276855
0.9070612788200378
0.8987152576446533
0.9293020963668823
0.8395097255706787
0.8021228909492493
0.8217586874961853
0.8201448321342468
0.8784991502761841
0.9994394183158875
0.8766774535179138
0.8594933152198792
0.8022211790084839
0.9211502075195312
0.9527812004089355
0.8799946904182434
0.9370868802070618
0.9240062832832336
0.9116947650909424
0.8945631980895996
0.862246036529541
0.8550195693969727
0.8460400104522705
0.8210448622703552
0.8231597542762756
0.9137905836105347
0.8923934698104858
0.8797918558120728
0.9009571671485901
1.0
1.0
0.9882025718688965
0.98691725730896
1.0
0.8186699748039246
0.8843777775764465
0.899811327457428
0.8761031031608582
0.8966922760009766
0.9731367230415344
0.9867996573448181
0.9803587794303894
0.9897647500038147
0.9482179880142212
0.9195694923400879
0.9058335423469543
0.9389342069625854
0.9454529881477356
0.9579517245292664
0.8427863717079163
0.8633142113685608
0.8745540380477905
0.8459835648536682
0.8794844746589661
1.0
1.0
0.9801903963088989
1.0
0.9802106022834778
0.9643400311470032
0.9467812180519104
1.0
0.9550142288208008
0.9946904182434082
0.8300896883010864
0.9170609712600708
0.893713116645813
0.8786488175392151
0.8306966423988342
1.0
1.0
0.9886758923530579
0.9966787695884705
1.0
0.9711600542068481
0.9230785369873047
0.894583523273468
0.9451892971992493
0.9435232281684875
0.8703975081443787
0.9096425771713257
0.8891178369522095
0.9177822470664978
0.849703848361969
0.9066034555435181
0.9243914484977722
0.9015478491783142
0.8641077876091003
0.808952271938324
1.0
0.9877662658691406
1.0
0.987483024597168
0.8890752196311951
0.8357257843017578
0.8248457908630371
0.8197304010391235
0.8617323637008667
0.9407075047492981
0.9486920237541199
0.931767463684082
0.9548618793487549
0.9519486427307129
0.9421073198318481
0.9381486177444458
0.9711198210716248
0.9825429320335388
0.984788715839386
0.9839532375335693
1.0
1.0
1.0
1.0
0.9574089646339417
0.9549430012702942
0.9292709827423096
0.9610020518302917
0.9439765214920044
0.9342487454414368
0.9171780347824097
0.9247921109199524
0.946814775466919
1.0
1.0
0.9800931215286255
0.9385628700256348
1.0
1.0
0.9971604347229004
0.8892583250999451
0.8796209692955017
0.8543042540550232
0.853642463684082
0.8202143907546997
0.9722380042076111
0.9359298348426819
0.951386570930481
1.0
1.0
0.9052110314369202
0.8857043385505676
0.8630198240280151
0.8859751224517822
0.9715949892997742
0.8965444564819336
0.9707425832748413
0.9742045402526855
0.9792612195014954
1.0
0.9460448622703552
0.9528608322143555
1.0
1.0
0.9975289106369019
0.9279894232749939
0.9467584490776062
0.9744914174079895
0.9244524240493774
0.9313042163848877
0.9689375758171082
0.892166793346405
0.8874363303184509
1.0
0.8766730427742004
0.8763601779937744
0.8828946352005005
0.8864081501960754
0.8807167410850525
0.8784864544868469
0.8056122064590454
0.843596339225769
0.7691147327423096
0.8166914582252502
0.767192006111145
0.8319454193115234
0.8319451212882996
0.8187006115913391
0.7911806106567383
0.8127109408378601
0.8653489351272583
0.8656472563743591
0.8241281509399414
0.8750391602516174
0.8501458168029785
0.8835776448249817
0.8605908751487732
0.865324079990387
0.8659619092941284
0.8769476413726807
1.0
1.0
0.974859356880188
0.9747285842895508
0.9968623518943787
0.9087439179420471
0.9182835817337036
0.8827885985374451
0.9716497659683228
0.978330135345459
1.0
0.9125060439109802
0.9876445531845093
0.9204336404800415
0.9750352501869202
0.8367753028869629
0.812369167804718
0.8653433322906494
0.8594024181365967
0.7744662165641785
0.8922620415687561
0.853931188583374
0.889719545841217
0.859116792678833
0.8595290184020996
0.8193812966346741
0.8752437233924866
0.8221667408943176
0.879327118396759
0.8859071731567383
0.909562885761261
0.9428624510765076
0.9626984596252441
0.8827478885650635
0.8835579752922058
0.924075186252594
0.8501420021057129
0.9496705532073975
0.9206928610801697
0.9474772214889526
0.9337257146835327
0.9904268980026245
0.9481185078620911
0.9672552943229675
1.0
0.9039241671562195
0.9641703367233276
0.944089949131012
0.9724589586257935
0.9171475768089294
0.915211021900177
0.918527364730835
0.8733179569244385
0.9112982153892517
0.9530835747718811
0.8694372773170471
0.91645348072052
0.9897620677947998
1.0
1.0
1.0
0.9368867874145508
0.9192814230918884
0.9616219401359558
0.9138616919517517
0.9057596921920776
0.9299231171607971
0.9017339944839478
0.8446798324584961
0.8532885313034058
0.9418520331382751
0.9434139132499695
0.9321320652961731
0.9198065996170044
0.9494732022285461
0.9027791619300842
0.8581650257110596
0.9120143055915833
0.9432992339134216
0.9075824022293091
0.9036206603050232
0.9310401678085327
0.9180547595024109
0.9004606008529663
0.9151840209960938
0.8774084448814392
0.9121149778366089
0.8952941298484802
0.936608612537384
0.9265114068984985
0.9203147888183594
0.9504403471946716
0.9860972762107849
0.9248406291007996
0.9560219049453735
0.9353221654891968
0.9326273202896118
0.9617354273796082
0.9444530010223389
0.9302778244018555
0.9070309996604919
0.9258890748023987
0.9014540910720825
0.8545480966567993
0.8786605596542358
0.9546687602996826
0.9917808771133423
0.9798019528388977
0.9223679900169373
0.9907247424125671
0.8518760204315186
0.8663727641105652
0.9045379161834717
0.9125409126281738
0.9114918112754822
0.8455299139022827
0.792220950126648
0.8213450908660889
0.8009641170501709
0.8403890132904053
0.9079697728157043
0.9619818925857544
0.9621208906173706
0.9456232190132141
0.9456231594085693
1.0
1.0
0.9155601859092712
0.9841914176940918
0.9823974370956421
1.0
1.0
0.9945680499076843
0.9643188118934631
0.9643188118934631
1.0
0.9480340480804443
0.9468428492546082
0.9664810299873352
0.988763153553009
0.8937235474586487
0.9179127812385559
0.9578990340232849
0.9956234097480774
0.9796462655067444
0.8622851371765137
0.8440617322921753
0.8273483514785767
0.8571290373802185
0.8725658655166626
1.0
0.9222539067268372
0.9951013326644897
0.9717298746109009
0.981251060962677
0.8948927521705627
0.9418048858642578
0.8704134821891785
0.9056838750839233
0.9600138664245605
0.9762894511222839
1.0
1.0
0.9842658042907715
0.9735391139984131
0.8267861008644104
0.8350909352302551
0.8249878883361816
0.8199934363365173
0.9119225144386292
0.8503479361534119
0.809227466583252
0.8479032516479492
0.8833960294723511
0.9798272848129272
0.9941613078117371
1.0
1.0
0.9999268651008606
0.9679372310638428
0.8715097904205322
0.921194851398468
0.859302818775177
0.9099161028862
0.8850382566452026
0.9743686318397522
0.9758062362670898
0.9458268880844116
0.9517496824264526
0.93212890625
0.9617622494697571
0.9755327701568604
0.9785887002944946
0.968132495880127
1.0
0.9470395445823669
0.9605270028114319
0.905552327632904
0.8952834010124207
0.9035623669624329
0.9657777547836304
0.9653052687644958
0.9928541779518127
1.0
1.0
0.9190078973770142
0.9190079569816589
0.8678685426712036
0.9162762761116028
0.9137529134750366
0.9442629814147949
0.9086139798164368
0.9459548592567444
0.8778293132781982
0.8704996109008789
0.9208335876464844
0.9680845141410828
0.993441641330719
1.0
0.9313620328903198
0.9292577505111694
0.886994481086731
0.9031906723976135
0.9393512010574341
0.9271871447563171
0.9382044672966003
0.9141467213630676
0.956375002861023
0.967608630657196
0.9247446060180664
0.9233653545379639
0.9493798613548279
0.9757874608039856
1.0
1.0
1.0
0.9188662171363831
0.9674985408782959
1.0
0.9124810099601746
0.8691819310188293
0.8691818118095398
0.8623042106628418
0.8469520807266235
0.8184967041015625
0.9385986924171448
0.8978196978569031
0.9373525381088257
0.907918393611908
0.8757981061935425
0.9330222606658936
0.9036015272140503
0.9416125416755676
0.8787626028060913
0.9099944233894348
1.0
0.9817103743553162
0.9834547638893127
0.9811287522315979
0.96550452709198
0.9212288856506348
0.8918479681015015
0.8802853226661682
0.9286535382270813
0.9334270358085632
0.8907768130302429
0.8651034832000732
0.8296506404876709
0.8169269561767578
0.81700599193573
0.8543761968612671
0.836288332939148
0.8028215169906616
0.8722684979438782
0.7797048687934875
0.8283019661903381
0.8797039985656738
0.864665687084198
0.8644945025444031
0.8487569093704224
0.9743416905403137
0.9491093754768372
0.924108624458313
0.9097043871879578
0.9474273920059204
0.9729006886482239
0.9851620197296143
0.9803419709205627
1.0
0.9897836446762085
0.9061044454574585
0.8714602589607239
0.9217690229415894
0.937353789806366
0.9593122005462646
0.9259097576141357
0.8648238778114319
0.9640395641326904
0.9400471448898315
0.9864892363548279
0.9092954993247986
0.930355429649353
0.8967082500457764
0.9030500650405884
0.8730098009109497
0.9011672735214233
0.8990103006362915
0.9198411703109741
0.820707380771637
0.8207069635391235
0.9086408019065857
0.923978865146637
0.9399427175521851
0.9634012579917908
0.9536771774291992
0.8824783563613892
0.9095122218132019
0.8726180195808411
0.8760524392127991
0.8714136481285095
0.768140971660614
0.8262828588485718
0.7911272644996643
0.7767941951751709
0.8064165115356445
0.9153208136558533
0.8795987367630005
0.8866461515426636
0.9096540808677673
0.9131670594215393
0.9622535109519958
1.0
0.9361245632171631
0.9563140869140625
0.961724579334259
0.681097149848938
0.638692319393158
0.6821191310882568
0.6986916661262512
0.6697584986686707
0.6786777377128601
0.6511099338531494
0.7020794749259949
0.7429524660110474
0.7561193108558655
0.7357505559921265
0.7280391454696655
0.7661942839622498
0.775118887424469
0.7646600604057312
0.6814135909080505
0.7665789723396301
0.7485708594322205
0.714375376701355
0.7276486754417419
0.7604065537452698
0.7103542685508728
0.7589281797409058
0.746625542640686
0.7014467716217041
0.7579930424690247
0.7485347986221313
0.764130711555481
0.7276799082756042
0.735775887966156
0.6933699250221252
0.6933677792549133
0.7260435223579407
0.7335151433944702
0.7369406223297119
1.0
1.0
1.0
1.0
1.0
0.8517655730247498
0.8389921188354492
0.8266146183013916
0.8247206807136536
0.8798746466636658
0.709976315498352
0.7352100610733032
0.7274763584136963
0.712731122970581
0.7434015274047852
0.7911480069160461
0.868470311164856
0.796838104724884
0.7983810305595398
0.8366202116012573
0.7665290236473083
0.7646830677986145
0.7751328945159912
0.8026730418205261
0.804527759552002
0.8396093249320984
0.841827392578125
0.8805410265922546
0.9136881828308105
0.7999926209449768
0.8214920163154602
0.823604941368103
0.8260477185249329
0.7890309691429138
0.8116788864135742
0.776579737663269
0.8055611252784729
0.7836467623710632
0.7360284924507141
0.7997483611106873
1.0
0.9655245542526245
0.994229257106781
1.0
0.967744767665863
0.9671146273612976
0.97221440076828
0.8909907937049866
0.8429524898529053
0.8121861815452576
0.9185904264450073
0.9245679974555969
0.8826940059661865
0.9175398349761963
0.9242779612541199
0.9938669800758362
1.0
0.964846670627594
0.9860132336616516
1.0
0.8822408318519592
0.8907431960105896
0.868903398513794
0.8883087038993835
0.8082644939422607
0.9827912449836731
1.0
0.9464982748031616
0.9879675507545471
1.0
0.9726248979568481
0.9732759594917297
0.9928411841392517
0.9585670828819275
1.0
1.0
0.9916168451309204
0.9613759517669678
0.969221293926239
0.9475002288818359
0.9006269574165344
0.9216567277908325
0.9606983065605164
1.0
0.9576305150985718
