0.8795714974403381
0.9606834053993225
0.9228363037109375
0.852689802646637
0.8857834935188293
0.7632451057434082
0.7655985355377197
0.7097050547599792
0.5787829160690308
0.5389413833618164
0.2725953161716461
0.4981131851673126
0.5911628603935242
0.7225969433784485
0.7887089252471924
1.0
1.0
0.5669849514961243
0.5669808983802795
0.9047933220863342
0.9272722601890564
0.7160359025001526
0.8173360824584961
0.9628622531890869
0.534705400466919
0.9119837880134583
0.8346772193908691
0.6508504748344421
0.628122091293335
0.7558171153068542
0.6834961771965027
0.769151508808136
0.7837015390396118
0.7827908992767334
0.5094233751296997
0.5369141697883606
0.5411219596862793
0.4808668792247772
0.5329716205596924
0.2737772762775421
0.503987193107605
0.43938714265823364
0.5110064744949341
0.46382129192352295
0.3941003978252411
0.3913944661617279
0.2894473969936371
0.35772705078125
0.3207516670227051
0.33916664123535156
0.2872178554534912
0.34957191348075867
0.38764488697052
0.3040083050727844
0.4081954061985016
0.37100574374198914
0.4551568031311035
0.47001951932907104
0.46968191862106323
0.41323909163475037
0.39057785272598267
0.3920048177242279
0.44061410427093506
0.33822354674339294
0.4431174695491791
0.38836970925331116
0.42337578535079956
0.37537717819213867
0.3679738938808441
0.3323144316673279
0.4230968952178955
0.43219584226608276
0.3370002210140228
0.30410391092300415
0.20360323786735535
0.17362269759178162
0.13974671065807343
0.13989728689193726
0.41806355118751526
0.7328542470932007
1.0
1.0
1.0
0.9126238226890564
1.0
1.0
1.0
1.0
0.967587947845459
1.0
1.0
1.0
1.0
0.9977100491523743
0.9500486850738525
1.0
1.0
0.9729819893836975
1.0
1.0
0.9471754431724548
0.977564811706543
0.9853786826133728
0.964264988899231
0.9899666905403137
1.0
0.9658330678939819
0.9966087341308594
0.9452030658721924
0.9334729313850403
0.8125195503234863
0.8182986974716187
0.7944248914718628
0.749035656452179
0.7419470548629761
0.6905637383460999
0.6114373803138733
0.5920557975769043
0.5958601236343384
0.5459632277488708
0.5933770537376404
0.5931687355041504
0.5453841090202332
0.5966376662254333
0.5856184363365173
0.5002386569976807
0.5426219701766968
0.5649277567863464
0.5672219395637512
0.6255444288253784
0.5541061758995056
0.4549422860145569
0.4345585107803345
0.40242695808410645
0.5126857161521912
0.5139419436454773
0.5357795357704163
0.49591028690338135
0.609292209148407
0.8639993071556091
1.0
0.9754621386528015
1.0
0.9844052791595459
1.0
1.0
1.0
0.946427047252655
0.8655692338943481
0.9640404582023621
1.0
0.9686882495880127
1.0
1.0
1.0
0.956614077091217
1.0
1.0
0.9941927194595337
1.0
1.0
1.0
0.9568953514099121
0.9980974197387695
1.0
0.982650876045227
0.9681658148765564
0.9418514370918274
0.9329865574836731
0.9119017720222473
0.8802220225334167
0.8765848875045776
0.7973769903182983
0.7580411434173584
0.6622061729431152
0.6323471665382385
0.6638075709342957
0.6041849255561829
0.615035355091095
0.601586639881134
0.5820457339286804
0.567603349685669
0.6272494792938232
0.6200587749481201
0.600701630115509
0.59555584192276
0.5929639935493469
0.5736111998558044
0.5862732529640198
0.586269736289978
0.5570034384727478
0.6068459749221802
0.6196929812431335
0.5533403754234314
0.5415776371955872
0.5644515752792358
0.46229881048202515
0.4722856879234314
0.5404713749885559
0.5270802974700928
0.5099881291389465
0.5135328769683838
0.5229455232620239
0.6601482033729553
0.7761265635490417
0.9020914435386658
0.9166008234024048
0.8747444152832031
1.0
1.0
0.9992659091949463
1.0
1.0
1.0
0.9730910062789917
1.0
0.94259113073349
0.979597806930542
1.0
0.9851813316345215
1.0
0.9563264846801758
0.9928247928619385
0.9460329413414001
0.9189831614494324
0.9694391489028931
1.0
1.0
1.0
1.0
1.0
1.0
1.0
0.994656503200531
0.9813017249107361
0.9849819540977478
0.9531200528144836
0.9598109126091003
0.918812096118927
0.8967598080635071
0.8390085697174072
0.7950616478919983
0.795060932636261
0.7864524722099304
0.842629611492157
0.7939614057540894
0.7672893404960632
0.7421768307685852
0.7087812423706055
0.7653147578239441
0.6599114537239075
0.7087057828903198
0.6341342926025391
0.5904470086097717
0.6198934316635132
0.6450034976005554
0.6406965851783752
0.6555383801460266
0.5478329062461853
0.5317615270614624
0.613154947757721
0.6131514310836792
0.5958326458930969
0.6477198600769043
0.6067454218864441
0.6306981444358826
0.5197405219078064
0.6031814813613892
0.5673947334289551
0.5568139553070068
0.42999738454818726
0.47810596227645874
0.46683210134506226
0.453841894865036
0.4563705325126648
0.47131699323654175
0.4451679587364197
0.4420720636844635
0.43540969491004944
0.4965088963508606
0.4965043365955353
0.5256686210632324
0.5642347931861877
0.6124061346054077
0.7631522417068481
1.0
1.0
1.0
0.9627472162246704
1.0
1.0
1.0
0.9278222322463989
0.9804159998893738
1.0
1.0
0.9427556991577148
0.9710769057273865
0.9501562714576721
0.9379184246063232
0.9977801442146301
0.9811091423034668
1.0
1.0
0.9353931546211243
0.9791120290756226
0.9592840075492859
0.9145530462265015
0.9271382689476013
0.9532642960548401
0.9415789246559143
0.9927559494972229
0.9577738642692566
0.9700607657432556
0.9553592205047607
0.9742482900619507
0.9403586983680725
0.9388076663017273
0.9431633353233337
0.9071779251098633
0.8779047727584839
0.8020909428596497
0.6441753506660461
0.6942183971405029
0.6189299821853638
0.6513639092445374
0.5803924202919006
0.5230122208595276
0.5697236657142639
0.5733926892280579
0.5645648241043091
0.5170813202857971
0.40931349992752075
0.3885388970375061
0.36893442273139954
0.3811487853527069
0.4289621114730835
0.4061651825904846
0.40615925192832947
0.3876829147338867
0.42701828479766846
0.43665021657943726
0.4414522647857666
0.4218378961086273
0.5582938194274902
0.4960485100746155
0.5013781189918518
0.45044538378715515
0.4513448178768158
0.42888301610946655
0.44217556715011597
0.4319120943546295
0.37639665603637695
0.37530893087387085
0.3786808252334595
0.4481883943080902
0.42293253540992737
0.42292532324790955
0.4771392047405243
0.5048761963844299
0.49630680680274963
0.5753318667411804
0.8720818161964417
0.866427481174469
0.9218428134918213
1.0
1.0
1.0
1.0
1.0
1.0
0.9787003993988037
0.9931050539016724
1.0
0.9951778650283813
1.0
0.99319988489151
1.0
0.9598803520202637
0.9930898547172546
0.987063467502594
0.9718970060348511
1.0
0.9689071774482727
1.0
1.0
1.0
0.9891242980957031
0.9676366448402405
0.9655232429504395
0.9644261002540588
0.9917433857917786
0.9709269404411316
1.0
0.9372261762619019
0.8564193248748779
0.818264901638031
0.8261944055557251
0.8164014220237732
0.819917619228363
0.7978548407554626
0.79995197057724
0.7603451609611511
0.7964560389518738
0.6907520294189453
0.7422176003456116
0.6343076229095459
0.540524423122406
0.5570618510246277
0.5399990081787109
0.4544483721256256
0.5578382611274719
0.45562517642974854
0.526045024394989
0.48570284247398376
0.440829336643219
0.4227182865142822
0.47624194622039795
0.4812820255756378
0.5204882621765137
0.5188186764717102
0.6074912548065186
0.4952044188976288
0.540367841720581
0.44512900710105896
0.47184211015701294
0.47232410311698914
0.46541085839271545
0.3991813659667969
0.420845627784729
0.40732771158218384
0.40732166171073914
0.40733787417411804
0.4043402373790741
0.4664827287197113
0.4694576561450958
0.46085071563720703
0.46096575260162354
0.4151734709739685
0.555352509021759
0.5667444467544556
0.6496159434318542
0.6329464912414551
0.8446314930915833
1.0
1.0
1.0
1.0
0.9956071972846985
0.9199600219726562
0.8986081480979919
0.9159135222434998
1.0
0.9248047471046448
0.8858803510665894
0.9464277625083923
0.9146897792816162
1.0
1.0
1.0
1.0
0.9344282150268555
0.9804435968399048
1.0
0.9863619208335876
0.8603468537330627
0.9047825336456299
0.92279452085495
0.9433494806289673
0.9995794892311096
0.9688769578933716
0.9225617051124573
1.0
1.0
0.9312447309494019
0.9779526591300964
0.9280175566673279
0.851524829864502
0.8215949535369873
0.7991820573806763
0.7510595321655273
0.6848608255386353
0.7276078462600708
0.6197260022163391
0.5866240859031677
0.703779399394989
0.6080725193023682
0.6080693006515503
0.5649198293685913
0.49805399775505066
0.5045448541641235
0.5897427201271057
0.5125222206115723
0.6171653866767883
0.5875176787376404
0.595770537853241
0.5336763262748718
0.5704951882362366
0.5527939200401306
0.5683603286743164
0.5222451090812683
0.5221419930458069
0.4765934944152832
0.4524489939212799
0.44576507806777954
0.43933990597724915
0.43933430314064026
0.43932873010635376
0.3936755657196045
0.41037654876708984
0.39839640259742737
0.40080273151397705
0.33909839391708374
0.3692002296447754
0.4107265770435333
0.3993891477584839
0.42607030272483826
0.4353567361831665
0.51556795835495
0.5229397416114807
0.5791090130805969
0.6658034920692444
0.7707778215408325
0.8943110704421997
1.0
1.0
1.0
1.0
1.0
0.9886099696159363
1.0
1.0
1.0
0.955000102519989
1.0
1.0
0.9927768111228943
1.0
0.9817769527435303
0.978483259677887
0.9893764853477478
1.0
0.9693233966827393
0.9983648657798767
0.9983648657798767
0.9872372150421143
0.9990938305854797
0.9990853667259216
1.0
0.9560697078704834
1.0
0.9677414894104004
0.9803836941719055
1.0
0.978952944278717
0.8852754235267639
0.9138429760932922
0.9306049942970276
0.8488715887069702
0.8226281404495239
0.769885241985321
0.6509855389595032
0.6682541370391846
0.668251633644104
0.6177152991294861
0.6023878455162048
0.44975027441978455
0.5120185017585754
0.44205012917518616
0.5290294885635376
0.545839786529541
0.4669664800167084
0.5668390989303589
0.5920612215995789
0.5732821226119995
0.4846435487270355
0.44607123732566833
0.6088714003562927
0.6284986734390259
0.6036702990531921
0.5147709846496582
0.5105525255203247
0.5105469822883606
0.5513371825218201
0.5855187177658081
0.5743107199668884
0.577759325504303
0.621224582195282
0.5913630127906799
0.5903666019439697
0.6203921437263489
0.5623291730880737
0.5949336290359497
0.5889451503753662
0.6098899245262146
0.4785047173500061
0.4880883991718292
0.5451778769493103
0.6286106705665588
0.5803017020225525
0.6397479176521301
0.6397438049316406
0.6581956744194031
0.7229499220848083
0.8696406483650208
1.0
1.0
1.0
0.972050130367279
1.0
1.0
1.0
1.0
1.0
0.9775932431221008
1.0
0.9082040190696716
0.943668007850647
1.0
0.9973171353340149
0.9973171949386597
0.9139467477798462
0.9289917945861816
1.0
0.9683153629302979
0.9769967794418335
0.9466326236724854
0.9375780820846558
0.9459584951400757
0.953504204750061
0.9801391363143921
0.9953556656837463
1.0
0.9810501337051392
0.980090856552124
0.9493606686592102
0.8881030678749084
0.9522400498390198
0.9573416113853455
0.9140062928199768
0.9017303586006165
0.9124640226364136
0.9100792407989502
0.8486577868461609
0.8665310144424438
0.7976462244987488
0.7740309834480286
0.7443086504936218
0.7714875936508179
0.6524242162704468
0.6234434247016907
0.6336294412612915
0.600742518901825
0.5506417155265808
0.5518272519111633
0.5764101147651672
0.6496629118919373
0.7303467988967896
0.7047414779663086
0.6837562322616577
0.6965154409408569
0.6346667408943176
0.5934057831764221
0.585259199142456
0.6131750345230103
0.6264116764068604
0.6380209922790527
0.6012064814567566
0.5138211846351624
0.5010119080543518
0.5824605226516724
0.5075700879096985
0.5558467507362366
0.5000537633895874
0.4889889657497406
0.48898452520370483
0.541026771068573
0.5115737915039062
0.5413824915885925
0.6595199704170227
0.7276251912117004
0.7006718516349792
0.7631080150604248
1.0
1.0
1.0
1.0
1.0
1.0
1.0
1.0
0.988904595375061
1.0
0.9613848924636841
0.9613847732543945
1.0
1.0
0.938934326171875
1.0
0.9433372616767883
1.0
0.9154194593429565
1.0
0.9872551560401917
0.9608433842658997
0.9399312734603882
0.9558297991752625
0.9488028883934021
0.9980037212371826
0.9638025760650635
1.0
0.9944179058074951
0.9370818734169006
0.9370815753936768
0.9370813369750977
1.0
0.9689925909042358
0.9937804937362671
0.9883240461349487
0.9193219542503357
0.8646827340126038
0.8472224473953247
0.8828855752944946
0.9149573445320129
0.7769376635551453
0.8198869228363037
0.8317528963088989
0.7734737992286682
0.7626413702964783
0.745172381401062
0.7543926239013672
0.6907187700271606
0.6871426105499268
0.6111905574798584
0.6111881136894226
0.6032389998435974
0.6338950991630554
0.6124024391174316
0.6246647238731384
0.6742568016052246
0.6718478798866272
0.6881617307662964
0.6556015014648438
0.6489448547363281
0.6637678742408752
0.6464579701423645
0.6575828790664673
0.6298437714576721
0.6227295398712158
0.6332377791404724
0.5652778744697571
0.5730195641517639
0.5699180960655212
0.5767368674278259
0.5767336487770081
0.6078905463218689
0.5886432528495789
0.5368340015411377
0.5419336557388306
0.629472553730011
0.7074925303459167
0.8834439516067505
0.9352306127548218
1.0
1.0
0.8500474691390991
0.9373138546943665
0.9720751047134399
0.9904795289039612
0.9660958051681519
1.0
0.9677101373672485
0.9194140434265137
0.9194136261940002
0.9693211317062378
0.963735044002533
0.9836174249649048
0.9661411046981812
1.0
0.9964438676834106
1.0
0.9961304068565369
1.0
0.957602322101593
1.0
0.9993768334388733
0.9822619557380676
0.9899354577064514
0.9982909560203552
0.9935079216957092
1.0
0.9704989790916443
0.9704988598823547
0.9913976192474365
0.9794793128967285
0.9647096991539001
1.0
0.9933639168739319
0.9659239053726196
0.9387362599372864
0.8788201212882996
0.753885805606842
0.7801108360290527
0.7276929020881653
0.682689368724823
0.6687176823616028
0.6669337153434753
0.6306656002998352
0.6758917570114136
0.6050636172294617
0.6365028023719788
0.6364997625350952
0.5915746092796326
0.5359999537467957
0.5529911518096924
0.5599010586738586
0.5520070195198059
0.5822807550430298
0.5551035404205322
0.5296417474746704
0.5653486251831055
0.6044230461120605
0.5427577495574951
0.5667329430580139
0.5755051374435425
0.5348448157310486
0.6234168410301208
0.5383704304695129
0.5106316208839417
0.4903375804424286
0.4903332591056824
0.5159293413162231
0.5435106158256531
0.4968019127845764
0.5285741686820984
0.5071266293525696
0.5204885005950928
0.48852863907814026
0.550649881362915
0.6203299760818481
0.5076335072517395
0.797715961933136
0.6733753085136414
0.8664440512657166
1.0
1.0
1.0
1.0
1.0
1.0
1.0
1.0
1.0
1.0
1.0
1.0
0.961002767086029
0.9901760220527649
0.9952219128608704
1.0
1.0
1.0
1.0
0.9928461313247681
0.9928460717201233
1.0
0.9719368815422058
1.0
0.9907709360122681
1.0
0.98160320520401
1.0
0.9944770932197571
0.9939646124839783
0.9679694175720215
0.9665894508361816
0.9126846790313721
0.8823283910751343
0.7776093482971191
0.7461320161819458
0.7309283018112183
0.7078768610954285
0.6629108786582947
0.6105071306228638
0.5632286667823792
0.5319897532463074
0.6022049784660339
0.5985754728317261
0.483485609292984
0.5205327868461609
0.47337105870246887
0.5031207203865051
0.47384247183799744
0.5105094909667969
0.43721795082092285
0.47282952070236206
0.4472009837627411
0.44054317474365234
0.43983468413352966
0.4332256019115448
0.4542989432811737
0.4395054280757904
0.4761374890804291
0.4980817139148712
0.564945638179779
0.5670065879821777
0.5906773805618286
0.6247733235359192
0.91105717420578
1.0
1.0
1.0
1.0
1.0
1.0
1.0
1.0
1.0
1.0
1.0
0.9556334018707275
1.0
1.0
1.0
0.9706835150718689
0.9382036328315735
0.9653584957122803
1.0
0.9459346532821655
0.9636303186416626
0.9542494416236877
0.9573778510093689
0.9859088063240051
0.9728155136108398
0.9936297535896301
1.0
0.9647956490516663
1.0
0.9949505925178528
0.9802295565605164
0.8891058564186096
0.8545641303062439
0.7572882771492004
0.769528329372406
0.7919523119926453
0.6549798250198364
0.6527023911476135
0.6796867847442627
0.6556222438812256
0.639559805393219
0.5872579216957092
0.6509080529212952
0.6944000124931335
0.6453225016593933
0.6311899423599243
0.5913763642311096
0.6329566836357117
0.6671677231788635
0.5741649866104126
0.612888514995575
0.6351249814033508
0.6406707167625427
0.599728524684906
0.5728102922439575
0.6237797141075134
0.6207337975502014
0.6177141666412354
0.6299355030059814
0.5914885997772217
0.7759222388267517
0.7616340517997742
0.9102911353111267
1.0
1.0
1.0
1.0
1.0
1.0
1.0
1.0
1.0
1.0
1.0
1.0
0.9906323552131653
0.9698745608329773
0.8968179821968079
0.9935910105705261
0.854263424873352
0.886235773563385
0.9174143671989441
0.9718546867370605
0.9668638706207275
1.0
0.928789496421814
1.0
0.9712666869163513
0.971266508102417
0.9195631742477417
1.0
0.9459033608436584
1.0
0.909203827381134
0.857256293296814
0.8087648749351501
0.8618232607841492
0.791153609752655
0.7567713856697083
0.7332398295402527
0.6798636317253113
0.6333967447280884
0.6990488171577454
0.6437643766403198
0.6254972219467163
0.6254945397377014
0.610957145690918
0.6425521373748779
0.6364476680755615
0.6899505853652954
0.7120384573936462
0.6609392762184143
0.7330173254013062
0.6000030040740967
0.6497567296028137
0.6454527378082275
0.6245573163032532
0.6265617609024048
0.6046143174171448
0.6662411093711853
0.6119852662086487
0.5883851647377014
0.6069187521934509
0.6430210471153259
0.5969511270523071
0.5858925580978394
0.6218689680099487
0.6352710127830505
0.6848496794700623
0.7130788564682007
0.7163087725639343
0.6656308770179749
0.628728985786438
0.7162147760391235
0.7076454162597656
0.7754577994346619
0.7131373286247253
0.6638668179512024
0.8322790265083313
1.0
1.0
1.0
1.0
1.0
1.0
1.0
1.0
1.0
1.0
0.989780843257904
1.0
0.9637416005134583
0.949802577495575
0.9667235016822815
0.9331839680671692
0.9888930320739746
1.0
0.9994300603866577
0.9979363679885864
0.9801419973373413
1.0
0.9530787467956543
0.9853107929229736
0.9943873882293701
0.9649450778961182
0.9501783847808838
0.888690710067749
0.8420725464820862
0.7644903063774109
0.7976956963539124
0.7105993032455444
0.689120888710022
0.5917947292327881
0.672548234462738
0.6780532598495483
0.5680795907974243
0.5365819334983826
0.5371080040931702
0.5313306450843811
0.5925095677375793
0.5207070112228394
0.48927736282348633
0.5666850805282593
0.6205437183380127
0.6878160834312439
0.7099018692970276
0.7098988890647888
0.7171212434768677
0.6485345363616943
0.6366519927978516
0.6037451028823853
0.5970659255981445
0.6096745729446411
0.6142446398735046
0.6092148423194885
0.6145787835121155
0.6118771433830261
0.5594795942306519
0.6000531315803528
0.6150924563407898
0.5963748097419739
0.5946505665779114
0.5143969058990479
0.5143918395042419
0.5892757773399353
0.49714213609695435
0.5295038819313049
0.4313700199127197
0.48378583788871765
1.0
1.0
1.0
1.0
1.0
1.0
1.0
0.9481483101844788
0.9321621656417847
0.8814906477928162
0.8722598552703857
0.9706212878227234
0.9308685660362244
1.0
0.9992941617965698
0.9856637120246887
1.0
0.9178714156150818
1.0
1.0
0.9489138722419739
0.9840118885040283
1.0
1.0
1.0
1.0
0.9900295734405518
1.0
0.9526849985122681
0.9817121624946594
0.9701060652732849
1.0
0.9385885000228882
0.9229304790496826
0.9518662095069885
0.8872680068016052
0.8055551052093506
0.8507786989212036
0.7494028806686401
0.784018337726593
0.7543786764144897
0.7116966843605042
0.6788899898529053
0.6270702481269836
0.7044736742973328
0.6475185751914978
0.7036211490631104
0.7454052567481995
0.7454032301902771
0.6184121370315552
0.6155378222465515
0.6873600482940674
0.7024010419845581
0.6862195134162903
0.6741955280303955
0.6884908080101013
0.6506052017211914
0.5989851355552673
0.6698532700538635
0.6811806559562683
0.6397164463996887
0.6847283840179443
0.6307820081710815
0.6340593099594116
0.5961923599243164
0.6713952422142029
0.6360344290733337
0.6456075310707092
0.6546735167503357
0.7121182680130005
0.7543848156929016
0.7570152878761292
1.0
1.0
1.0
0.9526801109313965
1.0
1.0
1.0
1.0
0.9818949103355408
0.9249476790428162
1.0
1.0
0.9469757676124573
0.996757447719574
0.996757447719574
1.0
0.9940697550773621
0.9775079488754272
1.0
0.8403487205505371
0.991252601146698
0.8842419385910034
0.9460933208465576
0.9713341593742371
0.9334786534309387
0.9032949209213257
0.9869441986083984
0.9692835211753845
1.0
0.9451234936714172
1.0
0.8866173028945923
1.0
0.9565856456756592
0.9565854072570801
0.9923160672187805
0.9669610261917114
0.9619497656822205
0.8562939763069153
0.7679731845855713
0.7484197020530701
0.7342000007629395
0.705102264881134
0.7472527623176575
0.7120734453201294
0.6712591648101807
0.6632986068725586
0.6265967488288879
0.6446160078048706
0.6532844305038452
0.6129426956176758
0.6308087110519409
0.6657325625419617
0.6299190521240234
0.6401764750480652
0.6958006024360657
0.6331746578216553
0.6111252307891846
0.6770525574684143
0.7340855598449707
0.7134196758270264
0.7110418081283569
0.7076868414878845
0.6972949504852295
0.6820091605186462
0.6658626198768616
0.6652079224586487
0.6460312604904175
0.6381617188453674
0.6421486735343933
0.6479446291923523
0.6364548206329346
0.6364517211914062
0.5374487638473511
0.7343565821647644
0.8316801190376282
0.9621410965919495
0.9939433336257935
0.9162268042564392
0.9737158417701721
1.0
0.9760570526123047
0.9313289523124695
1.0
0.9159637093544006
0.9781421422958374
1.0
0.9969785809516907
1.0
0.995008647441864
0.9950085878372192
1.0
0.9576153755187988
1.0
0.931928813457489
0.9449849724769592
0.990095317363739
0.9927825927734375
0.9984012246131897
1.0
1.0
0.9797184467315674
1.0
0.9875459671020508
0.9798133373260498
0.9826368093490601
1.0
0.973490297794342
0.97738116979599
0.9773810505867004
0.9573268890380859
0.9134603142738342
0.8903576731681824
0.8153334259986877
0.8169806599617004
0.789964497089386
0.6424570679664612
0.6483731865882874
0.6254892945289612
0.7225737571716309
0.5736841559410095
0.62861168384552
0.580644428730011
0.545871376991272
0.5541700124740601
0.6312717795372009
0.5771542191505432
0.6724505424499512
0.5687267780303955
0.6106597781181335
0.6642983555793762
0.49831822514533997
0.5990142226219177
0.6353168487548828
0.6478064656257629
0.6162248253822327
0.6618407964706421
0.6216732263565063
0.6130997538566589
0.679664671421051
0.5930940508842468
0.5970579981803894
0.580481231212616
0.6060585975646973
0.6245381832122803
0.5732019543647766
0.4736028015613556
0.5647547841072083
0.6281555891036987
0.5209302306175232
0.5691298246383667
0.6740596294403076
0.6704989671707153
0.7814452052116394
1.0
1.0
0.9932278394699097
1.0
1.0
1.0
1.0
0.9697470664978027
0.9995065331459045
1.0
0.9662770628929138
0.9731651544570923
0.9731650352478027
1.0
1.0
0.9080470204353333
0.9917960166931152
1.0
1.0
0.916868269443512
1.0
1.0
0.9856611490249634
0.998647153377533
0.9705075025558472
0.9673476815223694
0.9989030361175537
0.9824434518814087
0.9790054559707642
1.0
1.0
0.971696138381958
0.9767983555793762
0.9453358054161072
0.931169331073761
0.9101467728614807
0.8873985409736633
0.8746932148933411
0.7603492140769958
0.7572107911109924
0.761574923992157
0.6167894005775452
0.4875405430793762
0.5473672151565552
0.6237305998802185
0.5106692910194397
0.5593540072441101
0.5252569913864136
0.5254719853401184
0.5632726550102234
0.5476823449134827
0.5476781725883484
0.5303822755813599
0.46330195665359497
0.5625238418579102
0.4932718276977539
0.5611504316329956
0.5355433225631714
0.5251640677452087
0.5104320049285889
0.5282711386680603
0.5252217054367065
0.48815590143203735
0.533796489238739
0.5042935609817505
0.5003235340118408
0.4773888885974884
0.5157572031021118
0.5417438745498657
0.4876590073108673
0.46477243304252625
0.566658079624176
0.5342954397201538
0.5120355486869812
0.5352892279624939
0.606054961681366
0.6232921481132507
0.5514325499534607
0.6247185468673706
0.662101149559021
0.8081517219543457
0.8448554277420044
0.8228632807731628
0.9367508888244629
1.0
1.0
1.0
1.0
0.929295539855957
0.9336369037628174
0.9336364269256592
1.0
1.0
1.0
0.9273699522018433
1.0
0.9963962435722351
0.9989103674888611
0.9895225763320923
1.0
0.9848871231079102
1.0
1.0
0.9440267086029053
0.965556800365448
0.94039386510849
0.9834563732147217
0.9682913422584534
0.9508426189422607
0.9508423805236816
0.9982719421386719
0.9712951183319092
0.9465376734733582
0.9632601737976074
0.9531356692314148
0.9161330461502075
0.9555772542953491
0.9150382280349731
0.9190360307693481
0.9004126787185669
0.8556128740310669
0.7635067701339722
0.7293524146080017
0.7005969882011414
0.7428169250488281
0.6539129018783569
0.6924613118171692
0.7444071769714355
0.6900327205657959
0.6900306344032288
0.6369157433509827
0.5988786816596985
0.6220018863677979
0.6176807284355164
0.6081690192222595
0.6820345520973206
0.7245839834213257
0.6975972056388855
0.6353144645690918
0.6729475855827332
0.6987409591674805
0.7453726530075073
0.734738290309906
0.716995358467102
0.734241783618927
0.7783652544021606
0.7333218455314636
0.807279646396637
0.8072780966758728
0.7286493182182312
0.8052096962928772
0.7520352005958557
0.8357380628585815
0.8525242209434509
0.8063982725143433
0.9231371283531189
0.8259931802749634
1.0
1.0
0.9835846424102783
1.0
0.9291009902954102
1.0
1.0
0.8627954721450806
0.9362542629241943
0.9022482633590698
0.9123457670211792
0.9281811118125916
0.901563286781311
0.9656324982643127
0.99927818775177
0.9071508049964905
0.9377747774124146
0.8935468196868896
0.9076910614967346
0.9223612546920776
0.9444789290428162
0.980928361415863
0.9980100989341736
1.0
0.9940544366836548
1.0
1.0
1.0
0.9602717757225037
0.9602715373039246
0.9995858669281006
0.9838010668754578
1.0
0.9535839557647705
0.8850750923156738
0.9191714525222778
0.8739314675331116
0.8561639785766602
0.7794348001480103
0.7574551701545715
0.7339379787445068
0.6550748944282532
0.7296402454376221
0.6837447285652161
0.6498777866363525
0.6354143023490906
0.5938251614570618
0.5698361992835999
0.589451253414154
0.5718831419944763
0.5439150333404541
0.5378249883651733
0.507861316204071
0.5968521237373352
0.5912287831306458
0.5897752046585083
0.6069809198379517
0.6511759161949158
0.6057629585266113
0.5823676586151123
0.5709579586982727
0.5627509951591492
0.49464547634124756
0.5140930414199829
0.5185185074806213
0.48102685809135437
0.4811381697654724
0.49215570092201233
0.4683155417442322
0.4885792136192322
0.5031907558441162
0.6671408414840698
0.6244272589683533
0.7607808709144592
0.8352355360984802
1.0
1.0
1.0
1.0
0.9887813329696655
0.9816331267356873
1.0
0.9409458637237549
1.0
0.859765350818634
0.9566366076469421
0.9849411845207214
0.9538120031356812
0.974583089351654
0.9825412034988403
1.0
0.9565557837486267
0.9235960841178894
1.0
0.9420287013053894
0.9455069303512573
0.9374225735664368
0.9401519894599915
0.948756992816925
0.948756754398346
0.9977099299430847
1.0
1.0
0.9382392764091492
0.952755331993103
0.9933250546455383
0.9827332496643066
0.8831378221511841
0.8418702483177185
0.7810685038566589
0.8066218495368958
0.803535521030426
0.7562669515609741
0.6964405179023743
0.6982922554016113
0.6872395873069763
0.6888441443443298
0.613018810749054
0.6130158305168152
0.5619809627532959
0.5248193144798279
0.6010051369667053
0.5501792430877686
0.5630276799201965
0.560151994228363
0.6079164743423462
0.6042246222496033
0.5713125467300415
0.5941508412361145
0.6287294626235962
0.5844192504882812
0.6631686091423035
0.6802654266357422
0.6522818803787231
0.6207069158554077
0.6383726000785828
0.6630404591560364
0.6568273901939392
0.6411213278770447
0.5899147987365723
0.6784592866897583
0.7097427845001221
0.6144787669181824
0.6956936120986938
0.6883265376091003
0.6395402550697327
0.597715437412262
0.5508334040641785
0.6402586698532104
0.859165608882904
1.0
1.0
1.0
0.9548202753067017
0.9398695230484009
0.9429812431335449
0.9119473695755005
0.9480909109115601
0.9259452223777771
0.9961658716201782
0.970933198928833
0.9265123009681702
0.9790015816688538
0.9981208443641663
0.9919800758361816
1.0
0.9512237906455994
0.9325800538063049
0.9727118611335754
0.9599986672401428
0.9789003133773804
1.0
1.0
0.9455307126045227
0.9455304145812988
0.9704312682151794
0.9427268505096436
0.9758343696594238
0.950451135635376
0.9264851212501526
0.9867106676101685
0.9377875328063965
0.9728458523750305
0.9282819032669067
0.8709800243377686
0.7451153993606567
0.7390766739845276
0.6520653367042542
0.5737787485122681
0.654279351234436
0.6642848253250122
0.6642814874649048
0.7352945804595947
0.8170456886291504
0.8173819780349731
0.7959302067756653
0.8119382858276367
0.8088774681091309
0.7620601654052734
0.7629678249359131
0.7017024159431458
0.7875760197639465
0.7354263067245483
0.8244858384132385
0.8509297370910645
0.873899519443512
0.9384023547172546
0.8460341095924377
0.8620055913925171
0.8163127303123474
0.9056757092475891
0.8778898119926453
0.8900073170661926
0.881252110004425
0.8363348841667175
0.8295145034790039
0.7921146154403687
0.7721354961395264
0.8335289359092712
0.8655862808227539
0.8089596033096313
0.8082181215286255
0.8174598217010498
0.7963564991950989
0.8291101455688477
0.8307340741157532
0.9346071481704712
0.9346064925193787
0.9462977647781372
1.0
1.0
1.0
1.0
1.0
0.9969724416732788
0.9904967546463013
1.0
1.0
0.9900038242340088
1.0
0.9819974899291992
1.0
1.0
1.0
1.0
0.9741359949111938
1.0
0.9928695559501648
0.9532148838043213
0.9575147032737732
0.969911515712738
1.0
0.96281898021698
0.918580949306488
0.9439564347267151
0.9226571321487427
0.93250572681427
0.9423007965087891
0.9335928559303284
0.927029013633728
0.8824929594993591
0.8917374014854431
0.8497163653373718
0.7601184248924255
0.7394474148750305
0.7121389508247375
0.661566972732544
0.632230281829834
0.6419867873191833
0.5724145770072937
0.48316845297813416
0.4869820475578308
0.4621257185935974
0.39352625608444214
0.5666496753692627
0.476235032081604
0.531076967716217
0.6003208756446838
0.6547046899795532
0.6547006964683533
0.5605999231338501
0.6545358300209045
0.6771256923675537
0.6120566725730896
0.5704377293586731
0.6012428402900696
0.6779751777648926
0.6760080456733704
0.6593897938728333
0.6488440036773682
0.6550099849700928
0.6865164637565613
0.6598713397979736
0.6857021450996399
0.6469721794128418
0.6441487669944763
0.7332862019538879
0.6704971194267273
0.655630886554718
0.74354088306427
0.7485710382461548
0.6875675916671753
0.7569444179534912
0.8437788486480713
0.8623124957084656
1.0
1.0
1.0
1.0
1.0
1.0
0.8944324254989624
1.0
1.0
1.0
1.0
1.0
1.0
1.0
0.9927887916564941
0.9796019196510315
1.0
0.9416491985321045
0.964680552482605
1.0
0.9956687092781067
0.9942591190338135
0.9983813166618347
1.0
0.9809034466743469
1.0
1.0
1.0
1.0
0.986846923828125
1.0
1.0
1.0
1.0
0.9789336919784546
1.0
0.9555889964103699
0.9550665616989136
0.8900531530380249
0.8716304898262024
0.7769567370414734
0.7689650654792786
0.6781396865844727
0.6074820756912231
0.6275055408477783
0.586702823638916
0.6059703230857849
0.6626307368278503
0.6303502321243286
0.5847429633140564
0.6650393009185791
0.5846061110496521
0.6637808680534363
0.6325222253799438
0.6723233461380005
0.6165511012077332
0.5980117917060852
0.6293174028396606
0.5664036870002747
0.5368221998214722
0.5629519820213318
0.5326229929924011
0.5192071795463562
0.5705642104148865
0.5940480828285217
0.6313208341598511
0.6129655241966248
0.5766772031784058
0.5282023549079895
0.5070732235908508
0.5002214908599854
0.5062100887298584
0.41226962208747864
0.42390677332878113
0.47938838601112366
0.46711328625679016
0.5426198840141296
0.5426633954048157
0.6057192087173462
0.7175580859184265
0.8982416391372681
1.0
0.9801337718963623
1.0
0.9864261746406555
0.986426055431366
1.0
1.0
1.0
0.9133077263832092
0.9773849248886108
0.9498825073242188
1.0
0.9675722122192383
0.9464178085327148
1.0
0.9335382580757141
1.0
0.9359845519065857
1.0
1.0
0.9669035077095032
0.9735522270202637
1.0
0.9595077037811279
0.9518319964408875
0.9857828617095947
1.0
0.9839831590652466
1.0
1.0
0.9571661353111267
0.978843629360199
0.970149576663971
0.9595032334327698
0.9529550671577454
0.8422852158546448
0.8290796279907227
0.793113112449646
0.7241941690444946
0.701235294342041
0.63020920753479
0.6391177177429199
0.6391150951385498
0.5421996116638184
0.6144475936889648
0.5703791379928589
0.5236182808876038
0.5651521682739258
0.5686355829238892
0.5343349575996399
0.5513225197792053
0.589212954044342
0.5986022353172302
0.548654317855835
0.5003454685211182
0.4679524004459381
0.5460507273674011
0.4868658185005188
0.4658055305480957
0.5047827959060669
0.44401124119758606
0.41172677278518677
0.411720335483551
0.42512089014053345
0.3698655962944031
0.3544255197048187
0.4268926680088043
0.4019627571105957
0.34524717926979065
0.3282563090324402
0.33036381006240845
0.3369885981082916
0.31361865997314453
0.41842684149742126
0.4499981701374054
0.5307521820068359
0.6273093819618225
0.9212453961372375
1.0
1.0
1.0
1.0
0.954343318939209
1.0
0.9864717125892639
1.0
0.932887613773346
0.9526433944702148
0.8281664848327637
0.9629335403442383
0.9573822617530823
0.9817214608192444
1.0
0.9668504595756531
1.0
1.0
0.9674661755561829
0.9453010559082031
1.0
0.9060164093971252
0.9060158133506775
0.9288410544395447
0.9533429145812988
0.9539107084274292
1.0
1.0
0.938831090927124
0.9818623065948486
0.9457224607467651
0.9756056666374207
1.0
1.0
0.9948310256004333
0.8777316212654114
0.8431829810142517
0.839887797832489
0.8076988458633423
0.6403340101242065
0.6436884999275208
0.6987026929855347
0.6987004280090332
0.6363995671272278
0.6967415809631348
0.5647500157356262
0.5391395092010498
0.583368718624115
0.5977542400360107
0.6440664529800415
0.708829402923584
0.6435965895652771
0.6358281373977661
0.6574229001998901
0.5956109762191772
0.618929386138916
0.6676937341690063
0.6886177062988281
0.6749520897865295
0.7027038931846619
0.6444555521011353
0.7000766396522522
0.6426095962524414
0.7285321354866028
0.7370412349700928
0.7009490132331848
0.6987526416778564
0.6887077689170837
0.7023202776908875
0.5999643802642822
0.6456413865089417
0.6147257089614868
0.7483457326889038
0.8249101042747498
0.9821018576622009
1.0
1.0
1.0
0.9311171174049377
0.9311167001724243
0.9639121890068054
0.9447048306465149
1.0
0.9859269857406616
0.9651894569396973
0.9551911354064941
1.0
1.0
0.9711872339248657
0.9849635362625122
0.9863172769546509
0.9090689420700073
0.9091684818267822
0.9180752038955688
0.9548416137695312
0.9586784243583679
0.9385714530944824
0.9424125552177429
0.9264087677001953
0.9473596215248108
0.9423736333847046
0.9653230905532837
0.8785805106163025
0.9236356616020203
0.9348191022872925
0.9035159945487976
0.9266118407249451
0.9632052779197693
0.9317601919174194
0.9266718029975891
0.9094406962394714
0.895542323589325
0.8598796725273132
0.7271798253059387
0.6907898187637329
0.6002716422080994
0.6641018986701965
0.5702131986618042
0.609012246131897
0.5065784454345703
0.5649905204772949
0.5405187606811523
0.5216981768608093
0.594022274017334
0.5262142419815063
0.6082810759544373
0.6269887089729309
0.6185727119445801
0.5946962237358093
0.6006952524185181
0.6054457426071167
0.58625328540802
0.5504739880561829
0.6398569941520691
0.5629116892814636
0.589846134185791
0.6266142129898071
0.5744420886039734
0.5643393397331238
0.5438895225524902
0.5335617065429688
0.5578583478927612
0.5213720202445984
0.5459969639778137
0.543127715587616
0.4938351809978485
0.485429048538208
0.5152363181114197
0.49871766567230225
0.4900361895561218
0.4998842179775238
0.4504013657569885
0.4582030773162842
0.4155566990375519
0.48699137568473816
0.486986368894577
0.504162073135376
0.6983097195625305
0.8182753920555115
1.0
0.9344967007637024
1.0
0.9344174861907959
0.9044170379638672
1.0
0.9900569915771484
0.9817562103271484
0.989150881767273
0.9511135220527649
1.0
0.8997825980186462
0.9572803974151611
0.933102548122406
0.9528682827949524
0.9562554955482483
0.9562551975250244
0.9991176724433899
0.9824982285499573
1.0
0.966102123260498
0.9849563241004944
1.0
0.9884272217750549
1.0
1.0
0.9793344736099243
0.9857704043388367
1.0
1.0
0.98046875
0.9743347764015198
0.9853771924972534
1.0
0.9738054871559143
0.942465603351593
0.9424652457237244
0.9451315402984619
0.8560795783996582
0.812714695930481
0.7494193315505981
0.6627473831176758
0.6747328042984009
0.6552984714508057
0.6445750594139099
0.6395041346549988
0.6230378150939941
0.5584160089492798
0.5565181374549866
0.6023877263069153
0.6098529696464539
0.5875382423400879
0.6019144058227539
0.5945106148719788
0.609743595123291
0.6183682084083557
0.6183649897575378
0.6453428864479065
0.6368627548217773
0.6268057823181152
0.6670442223548889
0.6024977564811707
0.6297054290771484
0.605542004108429
0.6051768660545349
0.6485350131988525
0.5749393701553345
0.5779715776443481
0.5803623199462891
0.6019755601882935
0.5722061991691589
0.6149508953094482
0.5784607529640198
0.5486921072006226
0.5777122974395752
0.5400285720825195
0.5728698968887329
0.5672467947006226
0.6018702387809753
0.578169047832489
0.6244840025901794
0.7019650936126709
1.0
1.0
1.0
1.0
0.9277432560920715
0.9535202383995056
0.9591811299324036
1.0
1.0
0.9991743564605713
0.8947888612747192
0.9948016405105591
0.9585464596748352
0.927525520324707
0.9576317071914673
0.9666813611984253
1.0
0.9247452020645142
1.0
1.0
0.923613429069519
0.952863335609436
1.0
1.0
1.0
0.9802747964859009
1.0
0.9752881526947021
1.0
0.9628933072090149
0.9628930687904358
1.0
0.981382429599762
0.9581336379051208
0.9552233815193176
0.9394969344139099
0.9141062498092651
0.9420107007026672
0.8987140655517578
0.8149287104606628
0.7599068284034729
0.7598348259925842
0.7694144248962402
0.7201539278030396
0.720285177230835
0.716737687587738
0.6803500056266785
0.6372960805892944
0.6375512480735779
0.5964046120643616
0.6116753816604614
0.6177975535392761
0.62591153383255
0.6929929852485657
0.746236264705658
0.7128729224205017
0.7800147533416748
0.7054935097694397
0.6938614845275879
0.6780304312705994
0.600387692451477
0.595095694065094
0.5781371593475342
0.611624538898468
0.5858073234558105
0.5907654166221619
0.6047613024711609
0.5963976383209229
0.5825687050819397
0.5736574530601501
0.559044361114502
0.5275798439979553
0.5893982648849487
0.49940580129623413
0.6120536923408508
0.742834746837616
0.6964593529701233
0.9321578145027161
1.0
1.0
1.0
0.9706735014915466
1.0
0.9572072625160217
0.9572069644927979
0.9865595102310181
1.0
0.9055682420730591
0.8998611569404602
0.9365081787109375
0.9706671833992004
1.0
0.974267840385437
1.0
1.0
0.947570264339447
0.9960399270057678
1.0
1.0
0.9887590408325195
0.9819536805152893
0.9679842591285706
0.9771224856376648
0.9767592549324036
1.0
1.0
0.9752737879753113
0.9803696870803833
0.9714113473892212
0.9851931929588318
0.8999415040016174
0.8046863675117493
0.8220537900924683
0.700577437877655
0.7413205504417419
0.6358155012130737
0.5900818109512329
0.6230279207229614
0.6766369342803955
0.6766343116760254
0.6294293999671936
0.5986174941062927
0.5980664491653442
0.6547923684120178
0.6705601811408997
0.6715103983879089
0.6484448313713074
0.6532989144325256
0.5859736204147339
0.6146607995033264
0.7004293203353882
0.6530778408050537
0.656463623046875
0.6172754764556885
0.6096031069755554
0.5908949375152588
0.574029803276062
0.5786592364311218
0.519656240940094
0.5278468132019043
0.5113257169723511
0.48885369300842285
0.4747883975505829
0.4820055663585663
0.4464337229728699
0.43179818987846375
0.4107120931148529
0.4797959625720978