1.0
0.9918452501296997
0.9930315613746643
0.923227846622467
0.9865682721138
0.9676725268363953
0.9222851991653442
0.9453596472740173
0.9438229203224182
0.9750081300735474
0.9941310882568359
1.0
0.9886665940284729
1.0
0.9925490617752075
1.0
0.9765126705169678
0.9775806665420532
0.9821582436561584
1.0253783464431763
1.0
1.0
0.9778277277946472
0.9415768384933472
1.0
1.0
1.0
0.9873787760734558
0.9630469083786011
0.9906331300735474
0.927950382232666
1.0
1.0
0.9621065258979797
0.9797171950340271
0.9393680691719055
1.016319990158081
1.0
0.9895907044410706
0.9312142729759216
1.0
1.0054627656936646
1.0
0.9656872153282166
0.9906858205795288
0.9882936477661133
1.0
1.0
1.0
1.0
1.0
0.9666929841041565
0.958858847618103
0.9716322422027588
0.9536210298538208
0.9972397685050964
1.0
1.0
0.9963367581367493
0.9931831955909729
0.9324721693992615
1.0318728685379028
0.9974916577339172
0.985399067401886
1.0
0.992749810218811
0.9927497506141663
0.9387621879577637
0.9532449245452881
0.973540723323822
1.0
1.0
0.983686089515686
1.0
0.9733420014381409
1.0
0.9539763927459717
0.9842913746833801
0.9790538549423218
0.9963352680206299
1.0
1.0
1.0
0.9831687808036804
1.0
1.0
0.9823353886604309
1.0
1.0
0.9754005670547485
1.0440378189086914
1.0
0.9730250835418701
0.9881722927093506
0.9478074908256531
0.9447861313819885
0.9571854472160339
1.0196269750595093
1.0
1.0
0.9728295207023621
0.9728295207023621
0.9920559525489807
0.990726888179779
0.9485697150230408
0.9774529933929443
0.9567602276802063
0.9697055220603943
0.9385286569595337
1.0375956296920776
1.0
0.9813615679740906
0.9977603554725647
1.0
0.9777481555938721
0.9805130958557129
1.0
0.98483806848526
0.9401124119758606
0.9370741248130798
0.9690764546394348
0.9460289478302002
0.9329884648323059
0.951400101184845
1.0023887157440186
1.0
0.9248940944671631
0.950690507888794
0.9678161144256592
1.0244823694229126
1.0
0.9656298756599426
1.0
0.9311974048614502
0.9601946473121643
0.9491536617279053
0.9790066480636597
0.9790066480636597
0.9881904125213623
1.0
0.9734800457954407
0.9617497324943542
0.9761478900909424
0.9403871893882751
0.9354643821716309
0.9390189051628113
0.952019214630127
0.9555197358131409
0.9520161747932434
0.9497905373573303
0.9765163064002991
0.9482424259185791
0.943311333656311
0.9676960110664368
0.9588567614555359
0.9309497475624084
0.930101752281189
0.9508991241455078
0.9806286692619324
0.9358021020889282
0.987726092338562
0.9608296155929565
0.9977372884750366
0.9497466087341309
1.02205228805542
1.0
0.9976780414581299
0.9860278367996216
1.0
1.0
1.0
1.0
0.9458325505256653
0.9673296809196472
0.9575974345207214
0.9537442922592163
1.0107225179672241
1.0
0.978355884552002
1.0
1.0
0.9974960088729858
0.9859910607337952
0.9588984251022339
0.9983158707618713
1.0
0.9550167918205261
0.9365347027778625
0.9545210599899292
0.9526434540748596
0.9692265391349792
0.9314248561859131
0.9853648543357849
0.9595922231674194
0.9479732513427734
1.0123405456542969
1.0
0.9810144305229187
1.0
0.925647497177124
0.9735139608383179
0.9811536073684692
0.97295743227005
0.9578568935394287
0.9737306237220764
0.9592141509056091
0.9925299882888794
0.9593514204025269
0.9770626425743103
0.9798606634140015
0.9665669798851013
0.9347500205039978
0.9743295907974243
0.9862972497940063
0.9315913915634155
0.9450063705444336
0.9280984401702881
1.0325160026550293
1.0
1.0
0.9678514003753662
0.9747697114944458
0.9686092138290405
0.9686092138290405
0.959651529788971
0.9823514819145203
0.985523521900177
1.0
0.9675080180168152
0.9785646200180054
0.9690814018249512
0.993322491645813
0.9565300345420837
1.0
0.9960606098175049
0.975361704826355
1.0
0.9671103954315186
1.0
1.0
0.9848409295082092
0.9648128151893616
0.9648128151893616
0.9692618250846863
0.9964007139205933
0.9532605409622192
0.9930407404899597
0.9461214542388916
0.9490242600440979
0.9580218195915222
0.9483727216720581
1.0266633033752441
1.0
0.9969562888145447
1.0
0.9778226017951965
1.0
0.9699503183364868
0.9737244844436646
0.9720163941383362
0.9789179563522339
0.9421960115432739
0.9746230244636536
0.9592388868331909
0.9894167184829712
0.9587399959564209
0.9987761378288269
0.9304525852203369
0.9639701247215271
1.0215991735458374
1.0
1.0
0.9689861536026001
0.9945960640907288
1.0
0.9986386895179749
0.9929746389389038
0.9868876338005066
0.9868876338005066
0.945443868637085
0.9462230205535889
0.9661490321159363
0.9580355286598206
0.9443623423576355
0.9505671262741089
0.9527209401130676
0.9376934766769409
0.9561005234718323
0.9453670382499695
0.9505687355995178
0.953890323638916
0.9634870290756226
0.9308066368103027
0.9533308148384094
0.9294331073760986
0.9740702509880066
0.9740702509880066
0.9550116062164307
1.025570034980774
1.0
1.0
1.0
1.0
0.9660855531692505
0.9948389530181885
0.9929705858230591
1.0
0.9815657734870911
0.9906754493713379
0.9746777415275574
0.9889795184135437
0.983095109462738
0.9754260778427124
0.9717698097229004
0.9708145260810852
0.9816523790359497
0.9391562938690186
0.9659769535064697
0.9945513010025024
0.9723946452140808
0.9488626718521118
1.0313193798065186
1.0
0.9884999394416809
1.0
0.9447866082191467
0.9641352295875549
1.0
0.9717776775360107
0.9572094678878784
0.9572094678878784
0.9342010021209717
0.9578468203544617
0.9954638481140137
0.9808071255683899
0.9603567719459534
0.9829379916191101
0.9366723299026489
0.9658300280570984
1.0
1.0
0.965833842754364
0.9785177111625671
0.9489952921867371
0.9782758355140686
0.9772287011146545
0.989520788192749
1.0
0.9674195647239685
0.9836060404777527
0.9700890183448792
0.96060711145401
0.9369094371795654
0.9494133591651917
0.95409095287323
0.9975188970565796
1.0
1.0
0.9660264849662781
0.9729903340339661
0.9383867979049683
0.9708258509635925
0.9425253868103027
0.976328432559967
0.9465453028678894
0.9347082376480103
0.9791989326477051
0.9396100640296936
0.9760019183158875
0.9988852739334106
0.9566861391067505
0.997747004032135
0.9886794090270996
0.976647675037384
0.9534687399864197
0.9887666702270508
1.0
0.9853755831718445
1.0
0.9833666682243347
1.0
1.0
1.0
0.9628860354423523
1.0
0.9500768184661865
0.9393218159675598
0.9769443273544312
0.9632620811462402
0.9590812921524048
0.9314651489257812
0.9606174230575562
0.9665608406066895
0.92674720287323
0.9356321096420288
0.9629658460617065
1.0313082933425903
1.0
1.0
1.0
0.9920015931129456
0.9595106244087219
1.0
0.998038649559021
0.9920490384101868
0.9755104184150696
0.9385411143302917
0.9767346978187561
0.9886936545372009
0.9599323868751526
0.9626177549362183
0.9748561978340149
0.9933054447174072
0.9489915370941162
0.9594280123710632
0.9464104175567627
0.9822419881820679
0.9822419881820679
0.9562024474143982
0.9612640738487244
0.9677819013595581
0.9736401438713074
0.9393829703330994
0.9461250305175781
0.9531512260437012
0.9461938142776489
0.9580235481262207
0.9667528867721558
0.9484726190567017
0.9698222875595093
1.019798755645752
1.0
0.9225145578384399
0.9751493334770203
0.992099404335022
0.933947741985321
0.9600859880447388
0.9881665706634521
0.977990448474884
1.0
0.9872559309005737
0.9729157090187073
0.978602409362793
0.9832360744476318
0.974323570728302
0.9951088428497314
0.9982600212097168
0.9838122725486755
1.0
0.9700530171394348
0.9700530171394348
1.0
0.9933727383613586
0.9556629657745361
0.9721769690513611
0.9674968123435974
0.973580002784729
0.9805411100387573
0.9769930839538574
0.9617511034011841
1.0
0.9263325333595276
0.9875829219818115
1.0320841073989868
1.0
0.9861116409301758
0.980722963809967
0.9988804459571838
0.9988804459571838
1.0
0.9946302175521851
0.9888004660606384
0.9564034342765808
0.9877777695655823
0.9760242700576782
0.988994300365448
0.9909370541572571
0.9577770233154297
1.0
0.9577338099479675
0.9516869187355042
0.9813076853752136
0.9748924970626831
0.9799184203147888
0.9752649664878845
0.9919246435165405
0.9696618914604187
1.0
0.9455961585044861
0.9528152346611023
0.984866201877594
1.0
0.9407200217247009
1.0240648984909058
1.0
0.9482359290122986
1.0
0.9794802069664001
0.9877806305885315
0.9936099052429199
1.0
1.0
0.9848858714103699
0.9848858714103699
0.9740098118782043
0.9823123216629028
0.9532877206802368
0.9985721707344055
1.0
0.9585542678833008
0.9411606788635254
0.9516962170600891
0.959372878074646
0.9802978038787842
0.9591739773750305
0.9613202214241028
0.9808687567710876
0.9910897016525269
0.9672017693519592
0.9552091360092163
0.9752534031867981
0.9752534031867981
0.9855462312698364
0.9720953702926636
0.9841180443763733
0.9515730142593384
0.9395372867584229
0.994972825050354
0.9668646454811096
0.9874647855758667
0.9913085699081421
0.9609247446060181
0.9804448485374451
0.9897788763046265
0.9529094696044922
0.9368557333946228
1.0
0.9552440047264099
0.9552440047264099
0.9665935039520264
0.9701161980628967
0.9544273018836975
0.9562224745750427
0.9727003574371338
0.972050130367279
0.9960157871246338
0.9659308791160583
0.9384602904319763
0.9555083513259888
0.930862307548523
0.9459049701690674
0.9470705986022949
0.9591494798660278
0.9453037977218628
1.0305883884429932
1.0
0.9858124852180481
0.9385166764259338
0.954296350479126
0.9225530028343201
1.0
0.9466172456741333
0.9779716730117798
0.9398930072784424
0.9827635884284973
0.9497105479240417
0.9852983951568604
0.9987179636955261
0.9613158106803894
0.9999545216560364
0.9776228070259094
0.9962502121925354
0.9717525839805603
0.996086061000824
1.0
1.0
0.9748240113258362
0.9791104793548584
0.9934134483337402
0.9840957522392273
0.9593101739883423
0.9621384739875793
0.9956614375114441
0.9704611897468567
0.9753616452217102
0.9756581783294678
0.998302698135376
0.9906811714172363
0.9906811118125916
0.9575207829475403
0.9969150424003601
1.0
0.9685304760932922
0.9544345140457153
1.0
0.9733594655990601
0.9470064640045166
1.0
0.9618067145347595
0.9709650874137878
1.0
0.9448891282081604
0.9663211703300476
0.9580931663513184
0.948994517326355
0.9409139156341553
0.9409139156341553
1.030250906944275
1.0
1.0
0.9638669490814209
0.9991734623908997
1.0
0.9613537788391113
0.9335289597511292
0.9505110383033752
0.9443592429161072
0.9598351716995239
0.964264452457428
0.9480777382850647
0.942261815071106
0.9536048173904419
1.027042269706726
1.0
1.0
1.0
0.9679680466651917
0.9690632224082947
0.9711213111877441
0.9984630942344666
1.0
0.9908534288406372
0.9652802348136902
1.0
1.0
0.9843353033065796
1.0
0.9730180501937866
0.9733209013938904
0.9574528932571411
0.9502138495445251
0.9502138495445251
1.031019926071167
1.0
0.9866529107093811
0.9814330339431763
0.9737313985824585
0.9969629645347595
0.9949394464492798
0.9683298468589783
0.972926676273346
0.9458279013633728
0.9610629081726074
0.9759553074836731
0.944332480430603
0.9269329309463501
0.9836795330047607
0.9948263764381409
0.9936410784721375
0.9936410784721375
1.0
0.9394218325614929
1.0289362668991089
1.0
1.0
0.9713163375854492
0.9652906656265259
0.9803259968757629
0.9899656772613525
1.0
0.9802345037460327
0.9755397439002991
0.9723345637321472
0.9654746651649475
0.9340283870697021
0.9340283870697021
0.9924975037574768
0.9693407416343689
0.9290915131568909
0.9762672781944275
0.9850502610206604
0.9565883278846741
1.0337026119232178
1.0
0.9647429585456848
0.964556872844696
0.9681177139282227
0.9689179062843323
0.9887955784797668
0.9823786616325378
1.0
0.9520681500434875
1.0
0.9920199513435364
0.9920199513435364
0.9651916027069092
0.9400302767753601
0.9751081466674805
0.9980455636978149
0.9877421259880066
0.9795616865158081
0.9974225163459778
1.0
1.0
0.9992244839668274
0.9697499871253967
0.9422681331634521
0.976213812828064
0.9644538760185242
0.9578916430473328
1.0
0.9458643198013306
0.9527362585067749
0.9691150784492493
0.9372544884681702
0.9603311419487
0.9704511165618896
0.9566752314567566
1.0142874717712402
1.0
0.9810196161270142
0.9356222152709961
0.9590190052986145
0.9320834875106812
1.0
0.9495894908905029
1.0
0.9644936323165894
0.9565458297729492
0.9565458297729492
0.9316123723983765
0.9744397401809692
0.9909094572067261
0.9711073040962219
0.9760530591011047
0.9836500287055969
0.9739368557929993
0.9816540479660034
0.9565593004226685
0.9717808961868286
0.9821813106536865
0.9603849649429321
1.0
0.9295057058334351
0.9329343438148499
0.9546469449996948
0.9348797798156738
0.9477607607841492
0.9495688080787659
1.028700351715088
1.0
1.0
0.9767913222312927
0.9856544137001038
1.0
0.9796880483627319
0.9600227475166321
0.9851715564727783
0.9250505566596985
0.9717397689819336
0.970633864402771
1.0
0.9852288365364075
0.9967019557952881
0.9534249901771545
1.0
0.9684366583824158
1.0
0.9755706191062927
0.9442530870437622
1.0334579944610596
1.0
0.9812725782394409
0.9928434491157532
0.9519221186637878
0.9574578404426575
0.9287819266319275
0.9310563206672668
1.0202711820602417
1.0
1.0
0.9943127632141113
1.0
1.0
0.9736031293869019
0.9770420789718628
0.9671967625617981
0.977397620677948
0.9345461130142212
0.932993471622467
0.9741348624229431
0.9930621385574341
0.9558795690536499
0.9495734572410583
0.9367795586585999
0.9738038778305054
0.976895809173584
0.973629355430603
0.9522857069969177
0.9884448647499084
0.9668697714805603
0.9935781359672546
0.9645458459854126
0.9935340881347656
0.949448823928833
0.9999727606773376
0.9990305304527283
1.0
0.9727930426597595
0.9944919943809509
0.9890958666801453
0.9539395570755005
0.999844491481781
0.9890123009681702
0.9968895316123962
0.9558501839637756
0.9558501839637756
0.9875192046165466
0.9510109424591064
0.9398666024208069
0.9570165872573853
0.9523487687110901
0.9539533257484436
0.9501947164535522
0.9806619882583618
0.9654099345207214
0.9396525621414185
0.9446417093276978
0.9438510537147522
0.9409209489822388
0.9772723317146301
1.019322395324707
1.0
1.0
1.0
0.9310794472694397
0.943200945854187
0.9848030209541321
1.0
0.9973260164260864
1.0
0.9747233986854553
0.9769594073295593
0.9948768019676208
0.9720818400382996
0.9940329194068909
0.9570133686065674
0.9795613288879395
0.9738419651985168
0.9632452130317688
0.9864634871482849
0.9664145112037659
0.972494900226593
0.9722169637680054
0.9731590747833252
0.9583757519721985
0.9385111331939697
1.0213098526000977
1.0
1.0
0.9873702526092529
0.9546262621879578
0.9762794971466064
1.0282769203186035
1.0
1.0
1.0
0.976222813129425
1.0
0.9981278777122498
1.0
0.948010265827179
0.9651140570640564
0.9902597069740295
0.9917452931404114
0.9917452931404114
0.9945472478866577
1.0
0.9881889820098877
0.9917813539505005
0.9898169636726379
0.9577030539512634
0.9515191912651062
0.950143039226532
0.9381048679351807
1.025757908821106
1.0
0.977809727191925
0.9883854985237122
0.9932156801223755
0.9560154676437378
0.9871422052383423
1.0
0.9562814235687256
1.0
1.0
0.9330533146858215
0.927813708782196
0.9342572093009949
0.9826216101646423
0.9248416423797607
0.9618653655052185
0.978265106678009
1.0232726335525513
1.0
1.0
1.0
0.97627192735672
0.9714829325675964
0.9914718866348267
0.9353708624839783
0.9575158357620239
0.9981653690338135
1.0
0.9801872372627258
0.954130232334137
0.9557875990867615
0.9528142213821411
0.9669755697250366
0.9957367181777954
0.9531030654907227
0.9531030654907227
0.9531393051147461
0.9880053997039795
0.9478663206100464
0.9559492468833923
0.9914312958717346
0.9648306965827942
0.9475724697113037
0.9786677360534668
0.9483910202980042
0.952880322933197
0.9671652317047119
0.9315338134765625
0.9824817776679993
0.989970862865448
0.9599276185035706
0.9576297998428345
0.9826658368110657
1.0
1.0
0.9601839184761047
0.9475994110107422
0.9533517360687256
0.9600731730461121
0.9799649715423584
0.9659033417701721
0.9758915305137634
0.9839874505996704
0.9451649785041809
1.0
0.9809584617614746
0.9911066889762878
0.9441701173782349
0.9441701173782349
0.9773293733596802
0.9731192588806152
0.9700513482093811
0.9567667841911316
0.9787638783454895
0.9507192373275757
0.9685395956039429
0.9591814279556274
0.9713342189788818
1.0
1.0
1.0
1.0
0.9779236912727356
0.9335522651672363
0.9985719323158264
0.9913634657859802
0.9439412951469421
1.0
1.0
0.9547537565231323
0.9651980400085449
0.9917098879814148
0.9911482334136963
0.9635583758354187
1.0
0.9633268713951111
1.0
0.9622546434402466
0.9806967973709106
0.9772732257843018
1.0
0.9582704305648804
0.9441785216331482
0.9622370600700378
0.9462456703186035
0.9467715620994568
1.0273834466934204
1.0
1.0
1.0
0.9395148754119873
0.9754675626754761
1.0072160959243774
1.0
1.0
0.999325692653656
1.013832688331604
1.0
0.9957746267318726
0.9722321629524231
1.0
0.9936215877532959
0.9505221247673035
1.0
0.9270306825637817
0.9849702715873718
0.9837571978569031
0.9654574990272522
0.9974761009216309
0.9882070422172546
0.9726561903953552
0.9692155122756958
1.0
0.9877305030822754
0.9755343794822693
1.0
1.0
0.9711145162582397
0.9470682144165039
0.9446235299110413
0.9496468305587769
0.958630383014679
0.9379149079322815
0.9414116144180298
0.9569767117500305
1.025002121925354
1.0
1.0
1.0
0.983731746673584
0.9698053598403931
1.0241129398345947
1.0
1.0
0.9843603372573853
0.9556596279144287
0.9939960837364197
0.9421013593673706
0.9996839761734009
1.0
0.9598080515861511
0.9471127390861511
0.9766445755958557
0.9695720672607422
1.0
0.9776352047920227
0.9680555462837219
0.9671174883842468
0.9304517507553101
0.9911518096923828
0.9669974446296692
0.9669973850250244
0.9578165411949158
0.9809898138046265
1.0
0.9645348787307739
0.9441593885421753
0.9627365469932556
0.9928175806999207
0.9578794836997986
0.9360583424568176
0.9293462634086609
0.9324976801872253
0.9638595581054688
0.9245374202728271
0.9573625326156616
0.9276332855224609
0.9416739344596863
0.9939430952072144
1.0
1.0
0.9449880719184875
0.9197768568992615
0.9986040592193604
0.9773558974266052
0.9779446721076965
1.0
0.9793857336044312
1.0
0.9918220639228821
0.9473169445991516
0.9983793497085571
0.9637982249259949
0.9588728547096252
0.9588728547096252
1.0
0.9574460983276367
0.9685881733894348
0.9558821320533752
0.9962749481201172
0.971352756023407
0.9629030227661133
0.9672814011573792
1.0283937454223633
1.0
0.9842560887336731
1.0
1.0
0.9755347371101379
0.9450846910476685
0.9481778144836426
0.9481777548789978
0.9272434115409851
0.9600592255592346
0.94333815574646
0.9277340769767761
0.9273495078086853
0.9691906571388245
