0.9280115962028503
0.862243115901947
0.9326176643371582
0.9040486216545105
0.9195371270179749
0.9133287668228149
0.8638006448745728
0.9222574830055237
0.8666601181030273
0.9037683010101318
0.8855238556861877
0.9161937832832336
0.8701916337013245
0.8714966177940369
0.8560827970504761
0.8721747398376465
0.8763003945350647
0.8563665747642517
0.8767208456993103
0.9702301025390625
1.0
1.0
0.9854167699813843
1.0
1.0
0.9954549074172974
1.0
0.9143215417861938
0.9943165183067322
0.9814517498016357
0.9908484220504761
0.958167314529419
0.9511414766311646
0.9897497296333313
0.9365101456642151
0.9925975203514099
0.976010799407959
0.9837368726730347
0.9815273284912109
0.9834039807319641
0.9848038554191589
0.9887209534645081
0.9732641577720642
0.9953644275665283
0.9852656722068787
0.9630407691001892
0.9735984206199646
0.943852961063385
0.908098042011261
0.9213561415672302
0.985142707824707
0.9571738243103027
0.9494796991348267
0.9714505076408386
0.9353368878364563
0.9850061535835266
0.9079588055610657
0.9248326420783997
0.8900502920150757
0.9120422005653381
0.9779751896858215
0.9236501455307007
0.8978123068809509
0.8787027597427368
0.9194974899291992
0.8754515647888184
0.9241699576377869
0.9612120985984802
0.9708520770072937
0.927120566368103
0.9504345059394836
0.9059019684791565
0.9303999543190002
0.9641929864883423
0.9511528015136719
0.9007107019424438
0.996216356754303
0.9363166093826294
0.8907204270362854
0.9431810975074768
0.9493176341056824
0.9357903599739075
0.9500146508216858
0.9780600666999817
0.9094371199607849
0.8809216618537903
0.9256719946861267
0.9198302030563354
0.9428464770317078
0.9345044493675232
0.9098379015922546
0.9948767423629761
0.9770954847335815
0.9980466365814209
0.9980465769767761
1.0
1.0
0.9708859920501709
1.0
0.9963924288749695
1.0
0.986085832118988
1.0
0.9913919568061829
0.9461274743080139
1.0
0.9584193229675293
0.9743478894233704
0.9620980620384216
0.9432954788208008
0.9002658128738403
0.980811595916748
1.0
1.0
0.9705655574798584
1.0
1.0
0.9371684789657593
0.9448102712631226
1.0
1.0
1.0
1.0
1.0
1.0
1.0
1.0
0.9592453837394714
1.0
1.0
0.9452192187309265
0.9460167288780212
0.9620763659477234
0.9556623697280884
1.0
1.0
0.9556631445884705
0.9859110713005066
1.0
0.9866744875907898
0.9704153537750244
0.9282844066619873
0.9209131598472595
0.9884137511253357
0.9853115677833557
1.0
0.9095010757446289
0.8806626200675964
0.9566644430160522
1.0
0.9782818555831909
0.9737388491630554
0.9489604830741882
0.9658864736557007
0.9756678938865662
0.955322265625
0.942013680934906
0.9180507063865662
0.9625546336174011
0.9764814376831055
0.9797101020812988
0.98722243309021
1.0
0.9621709585189819
0.8914254307746887
0.9900951385498047
0.9120871424674988
1.0
1.0
0.9681840538978577
0.9921663999557495
0.923623263835907
0.9976505041122437
1.0
0.9773687720298767
0.9997274279594421
1.0
0.9768337607383728
0.968327522277832
1.0
1.0
1.0
1.0
0.9742948412895203
0.9427649974822998
0.9620091319084167
0.9583758115768433
0.9306643009185791
0.9454960823059082
0.9981971383094788
1.0
0.9773595333099365
0.9786086082458496
1.0
0.9409430027008057
0.9223579168319702
0.8941308856010437
0.9308371543884277
0.9103464484214783
0.9594660997390747
0.9332320094108582
0.9521730542182922
0.9072489738464355
0.9249234199523926
0.939552903175354
0.9847410321235657
0.9312668442726135
0.9655591249465942
1.0
1.0
1.0
1.0
0.9810652732849121
1.0
0.9520664215087891
0.9389895796775818
0.9029132723808289
0.8842769861221313
0.9656740427017212
0.9697003364562988
0.9405592679977417
0.9657595157623291
1.0
0.9284607172012329
0.9685707688331604
0.9375758171081543
0.9437733888626099
0.9385082125663757
0.96052086353302
0.990574300289154
1.0
0.9051312208175659
0.9763656854629517
0.9575687646865845
0.9751182794570923
1.0
0.9692060351371765
0.9249336123466492
0.9163287878036499
0.9163286089897156
0.922883152961731
0.9274337887763977
0.957502007484436
0.9970025420188904
1.0
0.925165593624115
0.9600771069526672
0.9570777416229248
0.8818384408950806
0.973909318447113
1.0
1.0
0.9498633742332458
0.8963180184364319
0.8757522702217102
0.8801411986351013
0.9542281031608582
0.9960091710090637
0.9067421555519104
0.9278433322906494
1.0
1.0
0.9802424907684326
0.9653282165527344
0.9407671689987183
0.9798479676246643
0.8723072409629822
0.8963361382484436
0.9602257013320923
0.8891697525978088
0.8961002826690674
0.9238196611404419
0.9467403888702393
0.9175952076911926
0.9323441982269287
0.9847592115402222
0.9315056204795837
0.9651275873184204
0.8709821701049805
0.8573712706565857
0.875371515750885
0.8753711581230164
0.9845163822174072
0.8909783959388733
0.981783390045166
0.879347026348114
0.9765629768371582
0.9473941326141357
0.9676069021224976
0.9452442526817322
0.9633802175521851
0.9111471176147461
0.9097291231155396
0.9379678964614868
0.9858238697052002
0.9668710827827454
1.0
0.9267431497573853
0.8950210809707642
0.8934102654457092
0.963005542755127
0.8912805318832397
0.9297095537185669
0.9110363721847534
0.9599339962005615
0.9448860883712769
0.9507396221160889
0.9728381037712097
0.9241129755973816
0.9591657519340515
0.9792826771736145
0.9335798025131226
0.9650511741638184
0.8968470096588135
0.9565207362174988
0.9471765756607056
0.998077392578125
0.9064232110977173
0.9651178121566772
0.8850824236869812
0.9141302704811096
0.96222323179245
0.9246765971183777
0.9382742643356323
0.9443938136100769
0.9205606579780579
0.878274142742157
0.852383553981781
0.923827052116394
0.8732399344444275
0.8527722358703613
0.9556635022163391
0.9063553214073181
0.9257622957229614
0.8763973116874695
0.9285855889320374
0.8692067265510559
0.928227424621582
0.9386399984359741
0.9584957957267761
0.9330366253852844
0.8599188923835754
0.8485880494117737
0.9363217949867249
0.8724594116210938
0.8571193814277649
0.9318655729293823
0.9367236495018005
0.9243627190589905
0.9083079695701599
0.9467012882232666
0.9307589530944824
0.9323687553405762
0.9394723176956177
0.9232267737388611
0.9294408559799194
0.8881477117538452
0.9876774549484253
0.9098150134086609
0.9717803597450256
0.9684143662452698
0.8922716975212097
0.8759379982948303
0.944054365158081
0.9432830810546875
0.887565016746521
0.9293472766876221
0.929347038269043
0.9424225687980652
0.8841248154640198
0.8828112483024597
0.9141144752502441
0.960503101348877
0.8644958138465881
0.9089633822441101
0.9331453442573547
0.8902645111083984
0.9514875411987305
0.9216418266296387
0.9805163145065308
0.9854307174682617
0.9176304936408997
0.9265550971031189
0.9046468734741211
0.9112724661827087
0.9388023018836975
0.8911651968955994
0.941154420375824
0.9861813187599182
0.9580931067466736
0.9536240100860596
0.8913944959640503
0.973527729511261
0.9060691595077515
0.9559197425842285
0.980340838432312
0.9282129406929016
0.913993239402771
0.8949345946311951
0.9442718625068665
0.9066991209983826
0.8670564889907837
0.9577421545982361
0.9040725827217102
0.8783438205718994
0.9327002763748169
0.8930749297142029
0.9692627191543579
0.9261438846588135
0.8816187381744385
0.9530621767044067
0.8974920511245728
0.8941465020179749
0.9175917506217957
0.9081185460090637
0.9073385000228882
0.8997550010681152
0.9256053566932678
0.8935086131095886
0.9205095171928406
0.9354481101036072
0.9241199493408203
0.9015083909034729
0.8672143816947937
0.8940613865852356
0.8940610885620117
0.890679121017456
0.9104611873626709
0.9521124362945557
0.9860265851020813
0.9231094121932983
0.9415605068206787
0.9609429240226746
0.9428213238716125
0.9121050834655762
0.9913069009780884
0.9302347302436829
0.9953768849372864
0.8983941078186035
0.9436527490615845
0.9470189213752747
0.9433193206787109
0.9598292112350464
1.0
0.9465048313140869
0.9239792227745056
1.0
0.9672746658325195
0.9555765986442566
1.0
0.9044834971427917
0.9460538029670715
0.9417344331741333
0.9069676995277405
0.9393687844276428
0.9289740324020386
0.9289737939834595
0.8852532505989075
0.916964054107666
0.8884159922599792
0.8980415463447571
0.9435727000236511
0.9530630707740784
0.8912115693092346
0.9446894526481628
0.8992652893066406
0.8972635865211487
0.9121190309524536
0.9073348045349121
0.9289455413818359
0.8809096217155457
0.91065514087677
0.9080060124397278
0.86667799949646
0.9036508798599243
0.9282931685447693
0.927809476852417
0.9307998418807983
0.9208336472511292
0.9251808524131775
0.884097158908844
0.8723013997077942
0.9395573139190674
0.9499844312667847
0.9107708930969238
0.9318681955337524
0.92989581823349
0.8828690052032471
0.9332606792449951
0.890140950679779
0.9138917922973633
0.935532808303833
0.90333491563797
0.9707041382789612
0.9170529246330261
0.9645071029663086
0.8704443573951721
0.9111826419830322
0.9297982454299927
0.9673260450363159
0.9587609767913818
0.9438289999961853
0.9562888741493225
0.9126175045967102
0.887078046798706
0.9047563672065735
0.938681960105896
0.9711634516716003
0.9182318449020386
0.972438633441925
0.8978843092918396
0.8725952506065369
0.9425574541091919
0.9647568464279175
0.909968912601471
0.9686805009841919
0.9172095060348511
0.8863474130630493
0.940226137638092
0.8641860485076904
0.8885038495063782
0.98862224817276
0.9799891710281372
0.8921120166778564
0.9349711537361145
0.9276918172836304
0.9454638361930847
0.8844756484031677
0.8745290637016296
0.9547047019004822
0.9248872995376587
0.923299252986908
0.9066534042358398
0.9234594106674194
0.964214026927948
1.0
0.9225482940673828
0.9206046462059021
0.9734225273132324
0.9613514542579651
0.9944850206375122
0.9659559726715088
0.9956492781639099
0.9466914534568787
0.9260089993476868
0.9497973918914795
0.9837155938148499
0.9661877751350403
0.9296098351478577
0.9402700662612915
1.0
0.9676139950752258
0.9491445422172546
0.8944481611251831
0.9753189086914062
0.947579562664032
0.9021320939064026
0.9495903849601746
0.9767258763313293
0.9639506340026855
0.9383659958839417
0.9738541841506958
0.9343308806419373
0.9029536843299866
0.9439926147460938
0.9880095720291138
0.9182352423667908
0.9479836225509644
0.9800504446029663
0.9270567297935486
0.9234418869018555
0.9810033440589905
0.975252091884613
0.9629701972007751
0.9822872281074524
0.9156380891799927
0.9453028440475464
0.9341877102851868
0.9576040506362915
0.9272766709327698
1.0
0.8999518156051636
0.9791096448898315
1.0
0.9479334950447083
0.8756613731384277
0.980751097202301
0.9698790907859802
0.9773859977722168
0.8958771228790283
0.9721329808235168
0.9802218675613403
0.9003456234931946
0.8988385200500488
0.9694913625717163
0.9545792937278748
0.9642359614372253
0.9083256721496582
0.9214395880699158
0.9721472263336182
0.9663307666778564
0.9641051292419434
0.9109112620353699
0.8749157786369324
0.9367579817771912
0.8697904944419861
0.8762532472610474
0.8702492117881775
0.8945341110229492
0.8547084927558899
0.9654240012168884
0.9593821167945862
0.9187572598457336
0.8655997514724731
0.9498282670974731
0.9548892974853516
0.9474573731422424
0.9600583910942078
0.9213634133338928
0.9773589372634888
0.8993414640426636
0.9634677171707153
0.9993062615394592
0.9993062615394592
0.9981591105461121
0.9632437229156494
1.0
0.9675763845443726
0.9895308613777161
0.8941877484321594
0.9976342916488647
0.9204853773117065
1.0
0.9919997453689575
0.9142436385154724
0.9597665071487427
0.9058974385261536
0.8969809412956238
0.9563049674034119
0.8753353357315063
1.0
0.919403612613678
0.9208679795265198
0.9692208766937256
0.9341179132461548
0.954742431640625
0.9782608151435852
0.9826211333274841
0.9533416628837585
0.9671995639801025
0.8742364048957825
0.8940903544425964
0.9533928632736206
0.9583359360694885
0.9247947931289673
0.93040931224823
0.8818427920341492
0.9467394948005676
0.9402859210968018
0.9380186796188354
0.8663120269775391
0.9597798585891724
0.9019281268119812
0.9413985013961792
0.8509771823883057
0.8509767055511475
0.8598666191101074
0.8624672293663025
0.894525945186615
0.9587169289588928
0.9388457536697388
0.874223530292511
0.9439261555671692
0.926599383354187
0.9816523790359497
1.0
0.997093915939331
1.0
0.9679915904998779
0.95480877161026
0.9378687143325806
0.9881904721260071
1.0
1.0
0.93506920337677
0.9658727049827576
0.936923086643219
0.9970090389251709
1.0
1.0
0.9590930938720703
0.9651352763175964
0.9431245923042297
0.9516280889511108
0.9683470726013184
0.9485424757003784
0.9925175905227661
0.995966911315918
0.9819564819335938
0.9503532648086548
0.9982298612594604
0.9977045655250549
0.9697059988975525
0.9930088520050049
0.9772301912307739
0.9617742896080017
0.9235376119613647
0.9877797961235046
0.9763187766075134
0.9695468544960022
0.9893605709075928
0.9488458633422852
0.9872788786888123
0.9407060742378235
0.9724758863449097
0.9984246492385864
0.9986757040023804
0.9667985439300537
0.9543082118034363
0.9267029166221619
0.9540683627128601
1.0
0.9581918716430664
0.9729495644569397
0.97528076171875
0.9628627896308899
0.9542449712753296
0.9369608759880066
0.9500666856765747
0.9278155565261841
0.9290253520011902
0.9258463382720947
0.9918807148933411
1.0
0.9613081216812134
0.9087751507759094
0.9594849944114685
0.9948295950889587
0.9948295950889587
0.9480511546134949
0.9961742162704468
0.9926818609237671
0.954373836517334
0.9587661027908325
0.9235957264900208
0.9894939064979553
0.9940433502197266
1.0
0.9800631999969482
0.9832091927528381
1.0
1.0
1.0
0.9656079411506653
0.9660388827323914
0.9202115535736084
1.0
0.9781115651130676
1.0038336515426636
1.0
1.0
0.9665094614028931
1.008243441581726
1.0
1.0
0.9093215465545654
1.0
0.9320783615112305
0.953340470790863
0.9495152831077576
1.0
0.9763944149017334
0.9787924885749817
1.0
1.0
1.0
1.0
0.9721350073814392
1.0
0.9602310657501221
0.9712247848510742
0.9842169880867004
0.9382157921791077
0.9829539060592651
0.9638231992721558
1.0199954509735107
1.0
0.9953718185424805
0.9652040600776672
0.9854461550712585
1.0
0.9917250275611877
0.9538187980651855
0.9485791325569153
0.9917144179344177
1.0
0.9898332953453064
1.0
1.0
0.9508137106895447
1.0
0.9629145860671997
0.9983235597610474
0.9949871301651001
0.9212437272071838
0.9247493743896484
0.9741799831390381
1.0
0.9886250495910645
0.9886250495910645
0.9284782409667969
0.9564542174339294
0.9670745730400085
1.0
1.0
1.0
0.977107048034668
0.9898928999900818
1.0
1.0
0.9696975946426392
1.0
0.9298356175422668
0.9263988733291626
0.9344898462295532
1.0085234642028809
1.0
0.9251258969306946
0.9623276591300964
1.0
0.9961186647415161
0.9258582592010498
0.9418636560440063
0.9998343586921692
1.0
1.0
1.0
1.0
1.0
0.9553239345550537
1.0
0.9969092011451721
1.0
0.9665491580963135
0.9665491580963135
1.0
0.9731412529945374
0.997291088104248
0.9461259841918945
0.9320024847984314
1.0107674598693848
1.0
0.9641939997673035
0.9502117037773132
0.9709463119506836
0.9622653126716614
0.9868858456611633
0.9646687507629395
1.0
1.0
0.9585766196250916
0.9585766196250916
0.9447032809257507
0.9687532186508179
1.0
0.9577758312225342
0.9915720224380493
0.9554981589317322
0.951875627040863
0.961605429649353
0.9300311207771301
0.9498968720436096
0.9282377362251282
1.0052666664123535
1.0
1.0
0.9651909470558167
1.0
1.0
0.9916958212852478
1.0
0.9788331389427185
0.9397000074386597
1.0152666568756104
1.0
0.9562827348709106
0.9589483737945557
0.968307375907898
1.0
0.996707558631897
0.9300817847251892
0.9823134541511536
0.9638554453849792
1.0
0.9662395715713501
0.9493369460105896
0.9515772461891174
0.9545034170150757
0.9432973861694336
0.9383414387702942
0.9260321855545044
0.969359278678894
0.9588515758514404
0.9519275426864624
0.9709780812263489
0.9646614193916321
0.9979075789451599
0.9502305388450623
0.9587752819061279
1.0153616666793823
1.0
1.0
0.9446731209754944
0.9095543026924133
1.0
0.9476470947265625
0.9909771680831909
0.9144570827484131
0.9524928331375122
0.9192963242530823
1.0086867809295654
1.0
1.0
0.969893217086792
0.9920294880867004
1.0
0.9833906292915344
0.9365915060043335
1.0
1.0
1.0
0.9697694182395935
0.9603596329689026
0.9328079223632812
0.9233716726303101
0.9440577626228333
0.9421573877334595
1.016657829284668
1.0
1.0
0.9529601335525513
0.9827314019203186
0.9709485769271851
0.9762706756591797
1.0
0.9658432006835938
0.9658432006835938
0.9682987332344055
0.9276482462882996
0.9648629426956177
0.9359866976737976
0.9430107474327087
0.9783855676651001
0.9421055912971497
0.9860580563545227
0.931854248046875
0.9178762435913086
0.9303323030471802
0.9671108722686768
0.9999169707298279
0.9521768093109131
1.0
0.9906916618347168
0.9733312129974365
1.0
1.0
0.9581284523010254
1.0
0.9972431659698486
1.0
1.0
0.9719929099082947
0.9959056973457336
0.969203531742096
0.9240462779998779
0.9371600151062012
1.0179102420806885
1.0
0.9283875226974487
0.979255199432373
0.9599656462669373
0.9537794589996338
0.9869896769523621
0.9898027181625366
0.9805821776390076
1.0
0.9545096158981323
0.9733847975730896
1.0141104459762573
1.0
0.9769209027290344
0.9870923757553101
0.9440944790840149
0.9500278830528259
0.9212228059768677
0.9484346508979797
0.9320306777954102
0.9311135411262512
1.0120574235916138
1.0
0.9161041975021362
0.9521494507789612
0.9612424969673157
0.9866297245025635
0.9794377684593201
0.9721895456314087
1.0
1.0
0.9419170618057251
0.9918729066848755
0.9910953044891357
0.9750833511352539
0.930770754814148
0.9719409346580505
0.9823678731918335
0.9186248183250427
0.9186248183250427
1.0160481929779053
1.0
0.9785987734794617
1.0
0.9467902183532715
0.9544546008110046
0.9298610687255859
0.932153582572937
0.9226160049438477
1.0015734434127808
1.0
0.9860537052154541
1.0
0.9660431146621704
0.9821339845657349
0.973160445690155
0.9973877668380737
0.9973877668380737
1.0
1.0
0.9793281555175781
0.9733163118362427
0.9694929122924805
0.968343198299408
0.915237545967102
0.9692980647087097
0.9351438283920288
0.9144951105117798
0.9537563323974609
0.948857307434082
0.9203464388847351
0.9432309865951538
0.9973063468933105
1.0
0.9929170608520508
0.9484545588493347
1.0
0.9348582029342651
1.0
0.9898344874382019
0.9404717087745667
0.9561880230903625
0.9895901679992676
0.9517158269882202
0.904440701007843
0.9436046481132507
0.9425690770149231
0.9907185435295105
0.9833626747131348
0.967505931854248
0.9824488162994385
0.9768925905227661
0.9768925905227661
0.9798759818077087
0.9616354703903198
1.0
1.0
0.9977536797523499
0.9714444875717163
0.9779662489891052
0.9679601192474365
0.9478852152824402
0.9772012829780579
0.9860762357711792
0.9777606725692749
0.936180591583252
0.9558258056640625
1.0
0.9154438972473145
0.9193457961082458
0.9480077624320984
0.9677079319953918
1.0
0.9975585341453552
1.0
1.0
0.9731693267822266
0.9852020740509033
0.9841243624687195
0.976641833782196
1.0
0.9534294009208679
0.9822590351104736
1.0
1.0
0.9846932888031006
0.9606419801712036
0.9755902290344238
0.9733332395553589
0.9379107356071472
0.9319016933441162
1.0103377103805542
1.0
0.9823605418205261
0.9497889876365662
0.9605296850204468
0.9696286916732788
0.9390358328819275
0.9899879693984985
0.9832763075828552
0.9496824145317078
0.953391432762146
0.9974517226219177
1.0
1.0
1.0
1.0
0.9487813115119934
0.9527790546417236
0.9585655331611633
0.9541576504707336
0.929082453250885
0.9156750440597534
0.9156749844551086
0.9487513899803162
0.9146239161491394
0.9738708138465881
1.00935697555542
0.9815696477890015
1.0
0.9915589094161987
0.9974809885025024
1.0
0.9736917614936829
1.0
0.9849901795387268
0.9609659910202026
1.0
0.9518377780914307
0.9541805982589722
0.9541805982589722
1.0
1.0
0.9158959984779358
1.0
1.0
1.0
0.9555503726005554
0.9811159372329712
0.9745928645133972
1.0
0.9878007769584656
0.9790778756141663
1.0
1.0
0.9573830366134644
0.9562033414840698
0.9949213862419128
1.0
1.0
1.0
0.9680167436599731
1.0
0.9619207978248596
0.9604243040084839
1.0140568017959595
0.9954103827476501
0.9690327644348145
1.0
0.9819046854972839
1.0
1.0
0.9997913837432861
0.9955816268920898
0.9946125745773315
1.0
0.9595907926559448
0.9958961606025696
0.9626034498214722
0.9827133417129517
0.9724411368370056
0.993993878364563
0.954695463180542
0.9686069488525391
0.9363577365875244
0.9199711680412292
0.993922233581543
0.982728123664856
0.9683802127838135
0.9371159672737122
0.9424839019775391
0.9815531373023987
0.991599977016449
1.0
0.9150928854942322
0.9375394582748413
0.9585959315299988
0.9540638327598572
0.9266918301582336
0.9517652988433838
0.9305539727210999
0.9432777166366577
1.0099693536758423
1.0
0.981134295463562
0.9444223046302795
0.9730032086372375
0.9556801319122314
0.9556801319122314
0.9319642782211304
0.9781419038772583
0.9248340725898743
0.9926540851593018
0.9611228108406067
0.9545208215713501
0.9205567836761475
0.9407050609588623
1.0
0.9409250617027283
0.9464617967605591
1.0
1.0
1.0005146265029907
1.0
1.0
1.0
1.0
0.9681059718132019
0.9793769717216492
0.998458981513977
0.9987664222717285
1.0
0.9181221723556519
1.0
0.9375508427619934
0.9686129093170166
0.9400895833969116
0.9771006107330322
0.9522120952606201
0.965322732925415
0.9723159670829773
0.9932830333709717
0.9760568141937256
0.9820418357849121
1.0
0.9806506037712097
0.9871049523353577
0.9449440836906433
0.9710099697113037
1.0
0.9585849642753601
0.949918270111084
0.989348292350769
0.9348792433738708
0.9692472815513611
0.9692472815513611
0.9740598797798157
0.9369781613349915
0.9948928356170654
1.0
1.0
0.9815332293510437
0.9891207814216614
0.9812843799591064
0.9962832927703857
0.9555749893188477
1.0
1.0
0.9766642451286316
0.9900256991386414
1.0
0.9754055142402649
0.933577835559845
0.9564448595046997
0.9735727310180664
1.0
0.9791055917739868
0.9540278911590576
1.0
0.9731897115707397
0.9913218021392822
1.0
0.9609031677246094
0.9672671556472778
0.993391215801239
0.9530717134475708
0.9750910401344299
0.9442355632781982
0.991433322429657
0.9219736456871033
0.9709712266921997
0.9601377248764038
0.9972569942474365
1.0
1.0
0.9129672646522522
0.9889358282089233
0.994752049446106
1.0
0.9472320675849915
0.9420777559280396
0.9543070793151855
0.9314951300621033
0.9594462513923645
0.9425109624862671
0.9933108687400818
0.9499461650848389
1.0
1.0
0.9638643860816956
0.9689748883247375
0.9490490555763245
0.9617211222648621
0.9484050869941711
0.9664955735206604
0.987233579158783
0.9443414211273193
1.0075085163116455
1.0
1.0120267868041992
1.0
0.9543654322624207
0.9430952072143555
0.9979934692382812
0.9982288479804993
0.9878695607185364
0.9389652013778687
0.9171482920646667
1.002850890159607
1.0
1.0
0.971430778503418
0.9909903407096863
0.9820020794868469
1.0
1.0
0.9952808618545532
0.9906376600265503
0.9993768930435181
0.9799627661705017
0.9772688746452332
0.9583592414855957
1.0
0.9308999180793762
0.9550288915634155
0.9313039779663086
0.9209550619125366
0.9220142960548401
0.9632323384284973
0.930462121963501
0.9977227449417114
1.0
1.0
0.9263849854469299
1.0
0.9485577344894409
0.9090835452079773
0.9669934511184692
0.931996762752533
0.9793611168861389
0.9803752303123474
0.9536113142967224
0.9943670034408569
0.9587593078613281
1.0
0.9888576865196228
0.9042229652404785
0.9406570196151733
0.9902259707450867
0.9902259707450867
0.9300364851951599
0.9260256886482239
1.0
0.9521082043647766
0.9644706845283508
1.0
0.9849368929862976
0.9630364775657654
0.9449698328971863
0.9570372700691223
0.9558050632476807
0.9568102955818176
1.0
0.9856663942337036
0.9658846855163574
0.9652112722396851
0.9882460832595825
0.9726773500442505
0.966218888759613
0.9824789762496948
0.99910968542099
0.933190643787384
0.9545692801475525
0.9891012907028198
0.9656710028648376
0.9147701263427734
0.936693012714386
0.9587113261222839
0.9612756967544556
0.9634186625480652
0.9639766812324524
0.9449122548103333
0.9437264800071716
0.9569804668426514
0.924525260925293
0.9539412260055542
0.9295029640197754
0.9203729629516602
0.9642242789268494
0.9527042508125305
0.9214118719100952
0.9368351101875305
1.0095266103744507
1.0
1.0
0.9251933097839355
0.961773693561554
1.0
0.9474148154258728
1.0
0.9948257803916931
0.9465079307556152
0.9898913502693176
0.9418880343437195
1.0
0.9709102511405945
0.9944567680358887
0.9762730002403259
0.939378559589386
0.932473361492157
0.9954805970191956
1.0
0.9902944564819336
0.9401663541793823
0.9375025033950806
0.9440498352050781
1.0
0.9895508885383606
0.9624395370483398
0.9410908222198486
0.9565829634666443
0.9674283862113953
0.9849053621292114
0.9615921974182129
1.0
0.9818623661994934
0.9720011949539185
0.9702397584915161
0.9457448720932007
0.9324440360069275
0.9711201190948486
0.9371947050094604
0.9781312346458435
0.9469174146652222
0.9469173550605774
0.9469172954559326
0.968735933303833
1.0
1.0
1.0
0.9411552548408508
1.0
1.00.6714491248130798
0.6958683729171753
0.7331622242927551
0.7316086292266846
0.6452517509460449
0.7725474238395691
0.717837929725647
0.7860786318778992
0.8131593465805054
0.7641831040382385
0.7383639812469482
0.7383232712745667
0.7426611185073853
0.7479439377784729
0.7617548704147339
0.7417269945144653
0.7294236421585083
0.7302421927452087
0.7947441935539246
0.6347527503967285
0.7432700991630554
0.7228736281394958
0.7165133953094482
0.6924441456794739
0.7420085072517395
0.6987597346305847
0.7069453001022339
0.7261552810668945
0.7407561540603638
0.7458093762397766
0.6267576217651367
0.6214860081672668
0.6866571307182312
0.6854208707809448
0.7067374587059021
0.6933560371398926
0.6999064683914185
0.7035064697265625
0.6938759088516235
0.6291697025299072
1.0
1.0
1.0
1.0
1.0
0.9706305861473083
1.0
1.0
0.9461435079574585
0.9423262476921082
0.8995048403739929
0.8058522343635559
0.8272497057914734
0.7871550917625427
0.8574861884117126
0.8750020861625671
0.8857452273368835
0.8039091229438782
0.8237654566764832
0.8468060493469238
0.7997326850891113
0.7696186304092407
0.7348715662956238
0.6876084208488464
0.7308611273765564
0.7845048904418945
0.7644485831260681
0.7622287273406982
0.6791130304336548
0.6903097629547119
1.0
0.9961477518081665
0.9751461148262024
0.8985548615455627
0.910066545009613
0.7533368468284607
0.8373092412948608
0.8106375932693481
0.842214822769165
0.8524404764175415
0.9544985294342041
0.9881662130355835
1.0
0.9633182287216187
0.9487603902816772
0.958621621131897
0.9379134178161621
0.8795315623283386
0.9091206192970276
0.9621618390083313
0.9718076586723328
0.9507594108581543
0.9738239049911499
0.9777528643608093
0.9676307439804077
0.813671350479126
0.8461105823516846
0.783945620059967
0.7684475779533386
0.8041702508926392
0.9229427576065063
0.8724887371063232
0.9193024635314941
0.9261549711227417
0.8740001916885376
0.9572836756706238
1.0
0.9898647665977478
1.0
0.881178081035614
0.8098145723342896
0.909941554069519
0.8227021098136902
0.7975451946258545
0.8043385148048401
0.7834340929985046
0.8323183059692383
0.8590719103813171
0.8703083992004395
0.791519820690155
0.9117559790611267
0.869783341884613
0.8937147259712219
0.8440693020820618
0.7977506518363953
0.8158790469169617
0.7936665415763855
0.7610053420066833
0.7907853126525879
0.7364180088043213
0.7692219018936157
0.757744312286377
0.806753933429718
0.8933255076408386
0.9821279644966125
0.8168761730194092
0.9146848320960999
1.0
1.0
0.883756697177887
0.7394753098487854
0.6816284656524658
0.697036862373352
0.7004993557929993
0.6723310351371765
0.8190455436706543
0.7033025026321411
0.693465530872345
0.7324525713920593
0.7287614345550537
0.6025310158729553
0.6296795606613159
0.6020914912223816
0.6305531859397888
0.5610235333442688
0.5442448854446411
0.5304766297340393
0.5690768957138062
0.5626146197319031
0.6017845869064331
0.5459742546081543
0.5651684403419495
0.5148248076438904
0.5652487277984619
0.5723438858985901
1.0
1.0
0.9533987045288086
1.0
1.0
0.9330973029136658
0.9462162256240845
0.8835400938987732
0.8184038996696472
0.8035097718238831
1.0
0.9883122444152832
0.9772506356239319
0.9779083132743835
0.9346511363983154
0.9935929179191589
1.0
1.0
1.0
0.992052435874939
0.7249472141265869
0.7568695545196533
0.772524356842041
0.782963752746582
0.9735444188117981
0.7638142108917236
0.7371657490730286
0.7208287715911865
0.6192482113838196
0.6668599247932434
0.5592606663703918
0.5185755491256714
0.5314093232154846
0.5162180066108704
0.5363337397575378
0.5018085241317749
0.5200391411781311
0.5214709043502808
0.49708813428878784
0.482043981552124
0.49877533316612244
0.5521562695503235
0.5087149143218994
0.5556870102882385
0.5247791409492493
0.8645128011703491
0.807131290435791
0.8519821763038635
0.8592265248298645
0.7656782269477844
0.6952699422836304
0.6636235117912292
0.7386115193367004
0.7388188242912292
0.6751449704170227
0.685814380645752
0.6190378665924072
0.6883276104927063
0.6883253455162048
0.633005678653717
1.0
1.0
1.0
1.0
1.0
0.5896442532539368
0.6143242120742798
0.6409015655517578
0.5964182615280151
0.7714395523071289
0.8393446207046509
0.7704008221626282
0.7899962067604065
0.8037086129188538
0.751916229724884
0.6882694959640503
0.7594688534736633
0.8761973977088928
0.9838632941246033
1.0
0.7842284440994263
0.7507143616676331
0.8210684657096863
0.805640459060669
0.7439582943916321
1.0
1.0
0.9973767399787903
0.9825034141540527
1.0
0.8628613948822021
0.9559381604194641
0.8455396294593811
0.8855376839637756
0.9577553272247314
0.7566913962364197
0.8122643828392029
0.7748706936836243
0.7481455206871033
0.7151980400085449
0.6350287795066833
0.5995458364486694
0.5963916182518005
0.570478081703186
0.6164724230766296
0.842212975025177
0.8414912819862366
0.791875958442688
0.7778763175010681
0.7648561596870422
0.9206969141960144
0.9139348268508911
0.9774569272994995
0.990979015827179
0.9837148785591125
0.6340469121932983
0.6210517287254333
0.6190380454063416
0.694900393486023
0.6522212624549866
0.6193936467170715
0.7445172667503357
0.6535610556602478
0.6450024247169495
0.6491472125053406
0.6620439887046814
0.6089645028114319
0.6358708143234253
0.5800882577896118
0.5800854563713074
0.572679340839386
0.5777949690818787
0.5914705395698547
0.5883743762969971
0.6050989031791687
0.6292235255241394
0.5942652821540833
0.5791544914245605
0.5621805191040039
0.6293266415596008
0.64180588722229
0.5748957991600037
0.5488418936729431
0.5713083148002625
0.5817813277244568
0.6616004109382629
0.5841906666755676
0.6207582950592041
0.6140115857124329
0.5941994190216064
0.9675419330596924
0.9459768533706665
0.9453520774841309
0.9948240518569946
0.9650680422782898
0.9562409520149231
1.0
1.0
0.9763660430908203
0.9942778944969177
0.9016141295433044
0.9303148984909058
0.9521352648735046
0.9814565777778625
0.975935161113739
0.9676722884178162
1.0
0.9945363998413086
0.956414520740509
0.9732062220573425
0.8657513856887817
0.851098358631134
0.8219308853149414
0.770897388458252
0.72303706407547
0.637668788433075
0.6240614056587219
0.6102839708328247
0.6226285696029663
0.6759068965911865
0.49177250266075134
0.4775311350822449
0.4805588722229004
0.43529704213142395
0.47717341780662537
0.5561802387237549
0.5561761260032654
0.6043359637260437
0.5062979459762573
0.6311156749725342
0.6327921152114868
0.5680162310600281
0.5947132706642151
0.5877180695533752
0.5668708086013794
0.5787678360939026
0.5795592069625854
0.6083943247795105
0.5501199960708618
0.5596306920051575
0.5620238184928894
0.5682145953178406
0.5876416563987732
0.6009215712547302
0.6116379499435425
0.7485859990119934
0.8296441435813904
0.7832376956939697
0.8254826068878174
0.7385308146476746
0.7859165072441101
0.7738637328147888
0.7140011191368103
0.677326500415802
0.7293969988822937
0.872934103012085
0.7662639021873474
0.8532332181930542
0.8453134894371033
0.8205632567405701
0.8745651245117188
0.9348600506782532
0.9408503770828247
0.9625428915023804
0.9718136787414551
0.9822325110435486
0.9707099199295044
0.9250597357749939
0.9983192682266235
0.9814187288284302
0.9597225189208984
0.9219061732292175
0.9512739777565002
0.9548760056495667
0.9491996765136719
0.7883462905883789
0.8204914927482605
0.7285029888153076
0.8006884455680847
0.8038927912712097
0.8212078213691711
0.7919344305992126
0.8399063944816589
0.8549912571907043
0.9541489481925964
0.7595528364181519
0.7208276987075806
0.76500403881073
0.77763831615448
0.7574171423912048
0.6593981385231018
0.6594172120094299
0.6487401127815247
0.6536952257156372
0.6180434226989746
0.6477954387664795
0.6580283045768738
0.58297199010849
0.6391317248344421
0.6094762086868286
0.6526594758033752
0.6199625730514526
0.6386131048202515
0.5390217900276184
0.5420945882797241
0.4849989414215088
0.44531527161598206
0.3351660668849945
0.48762980103492737
0.504641592502594
0.5601261854171753
0.5622112154960632
0.3760868310928345
0.3618837594985962
0.45655226707458496
0.467438280582428
0.518048882484436
0.45386630296707153
0.4921834170818329
0.41818204522132874
0.4610425531864166
0.3680263161659241
0.35831964015960693
0.4523097276687622
0.42935293912887573
0.44260895252227783
0.5290359854698181
0.597780704498291
0.579950749874115
0.5799465775489807
0.6314693689346313
0.6147266030311584
0.571980357170105
0.5493475198745728
0.6637746691703796
0.6264811754226685
0.6126359105110168
0.5548598170280457
0.5670834183692932
0.5841073393821716
0.6768363118171692
0.6617180109024048
0.6617146134376526
0.6060845851898193
0.6714057326316833
0.9719917178153992
0.9236174821853638
0.9526762366294861
0.943427562713623
0.9132490158081055
0.8061177730560303
0.7878047227859497
0.7582387328147888
0.8181399703025818
0.80320805311203
0.6309542655944824
0.6931360363960266
0.6384645700454712
0.6390517354011536
0.5569940209388733
0.49245133996009827
0.46677467226982117
0.48728737235069275
0.44854673743247986
0.4877651631832123
0.4466467499732971
0.40965792536735535
0.5050778388977051
0.5050734877586365
0.5351336598396301
0.5193138718605042
0.500787615776062
0.4596858322620392
0.5155414342880249
0.5265937447547913
0.8895264267921448
0.8529180884361267
0.9321001768112183
0.990484893321991
0.9987128973007202
0.7736395001411438
0.8555434346199036
0.9099411368370056
0.9654849767684937
0.9362813830375671
0.8789591789245605
0.8381660580635071
0.8002214431762695
0.7646622061729431
0.7520418763160706
0.5876898169517517
0.6698329448699951
0.6386109590530396
0.5320831537246704
0.5970519781112671
0.4289288818836212
0.46050095558166504
0.49177783727645874
0.49493733048439026
0.4651664197444916
0.5505828261375427
0.4964483678340912
0.4610942006111145
0.5245847702026367
0.5129589438438416
0.4853645861148834
0.5397098064422607
0.5048001408576965
0.4818270802497864
0.47777488827705383
0.5329275727272034
0.5486498475074768
0.5086312890052795
0.45398223400115967
0.4951508343219757
0.46691209077835083
0.49528199434280396
0.5234411358833313
0.4978112280368805
0.5226419568061829
0.4990115165710449
0.45523694157600403
0.40740954875946045
0.5341165065765381
0.6106771230697632
0.5053707957267761
0.5477700233459473
0.5402617454528809
0.5045291781425476
0.5943990349769592
0.6137454509735107
0.5656692981719971
0.5507985353469849
0.5517210364341736
0.5464705228805542
0.43413227796554565
0.5069219470024109
0.5103405117988586
0.4912060499191284
0.5193997025489807
0.4738349914550781
0.47059646248817444
0.4772599935531616
0.46862515807151794
0.3875380754470825
0.45171722769737244
0.38481757044792175
0.43647894263267517
0.4069356322288513
0.447515070438385
0.47194886207580566
0.46713680028915405
0.45577552914619446
0.4257546067237854
0.4283587634563446
0.4843287765979767
0.4584774076938629
0.4824078381061554
0.46455687284469604
0.44430530071258545
0.476226270198822
0.446667343378067
0.45817336440086365
0.4536975026130676
0.44829049706459045
0.794977605342865
0.7284750938415527
0.6697083115577698
0.736327052116394
0.666134238243103
0.5094190835952759
0.5376868844032288
0.5087926983833313
0.5328400731086731
0.4901800751686096
0.4922401010990143
0.4174484610557556
0.41744264960289
0.4877118766307831
0.42450836300849915
0.3960643708705902
0.42968398332595825
0.45209574699401855
0.43439576029777527
0.37141332030296326
0.4562072157859802
0.501324474811554
0.5046873688697815
0.567027747631073
0.5495466589927673
0.482389360666275
0.5494568347930908
0.6029447317123413
0.5774258971214294
0.5362882614135742
0.732519805431366
0.6079520583152771
0.5487005710601807
0.5652456283569336
0.5889385938644409
0.7737456560134888
0.7570210695266724
0.7380884289741516
0.6853464841842651
0.6871320605278015
0.5271098613739014
1.0
1.0
1.0
1.0
0.7348427176475525
0.6648136377334595
0.6926178932189941
0.6695638298988342
0.6717332005500793
0.48827964067459106
0.49982982873916626
0.4786299467086792
0.4867199659347534
0.5066379904747009
0.4688532054424286
0.45070481300354004
0.3478253483772278
0.4041140377521515
0.37266460061073303
0.46695953607559204
0.4944780766963959
0.4465733766555786
0.42442041635513306
0.4062914550304413
0.4405086934566498
0.38287103176116943
0.36823680996894836
0.3896549344062805
0.4144892692565918
0.40843474864959717
0.38687220215797424
0.4386463761329651
0.4439089894294739
0.42640143632888794
0.6235684752464294
0.5863499641418457
0.5415629148483276
0.5004398822784424
0.49690523743629456
0.4039190411567688
0.3431246876716614
0.3970710337162018
0.35671934485435486
0.393180251121521
0.33710065484046936
0.3744911551475525
0.32296204566955566
0.38122329115867615
0.38121697306632996
0.3652748465538025
0.4508014917373657
0.4091889560222626
0.3919909596443176
0.42270246148109436
0.373891681432724
0.37003079056739807
0.377136766910553
0.3222384750843048
0.3144666850566864
0.39277374744415283
0.4274598956108093
0.3762531578540802
0.4309801161289215
0.41138383746147156
0.3471992015838623
0.4143405556678772
0.4153537154197693
0.2907595932483673
0.38073769211769104
0.3725520968437195
0.3868335783481598
0.35745081305503845
0.4159404933452606
0.3485059142112732
0.7011270523071289
0.6391741037368774
0.7031098008155823
0.6925714015960693
0.59744793176651
0.7797631025314331
0.7146021723747253
0.6643038988113403
0.71082603931427
0.6441920399665833
0.63646000623703
0.5931260585784912
0.5427564978599548
0.5418601632118225
0.6007782816886902
0.3693891763687134
0.41227808594703674
0.39987415075302124
0.534024715423584
0.48311489820480347
0.39732590317726135
0.4636043906211853
0.4256698489189148
0.46918416023254395
0.3961251378059387
0.48403722047805786
0.4602369964122772
0.42113468050956726
0.4081065058708191
0.48749399185180664
0.4992913603782654
0.431397944688797
0.5193663239479065
0.4673943519592285
0.531333327293396
1.0
1.0
0.9393760561943054
0.9139268398284912
0.9775184988975525
0.7662264108657837
0.7437583208084106
0.775854229927063
0.7376363277435303
0.6401843428611755
0.4478501081466675
0.46166446805000305
0.5025137066841125
0.466726690530777
0.5207695364952087
0.9924317002296448
0.9550203680992126
1.0
1.0
0.9150945544242859
0.9376100301742554
0.9557627439498901
0.9742016792297363
0.9480577111244202
0.9449291825294495
0.7212627530097961
0.6907770037651062
0.6466614007949829
0.6358008980751038
0.558132529258728
0.5349427461624146
0.47357091307640076
0.5008622407913208
0.5452344417572021
0.4479709565639496
0.9262720942497253
0.9216442108154297
0.9063319563865662
0.9344296455383301
0.9438796043395996
0.9606199860572815
0.9386423826217651
0.9176556468009949
0.8602793216705322
0.8714885115623474
0.9525800943374634
0.9641126990318298
0.976716935634613
0.9387455582618713
1.0
0.9567784667015076
0.9911196827888489
0.9911196231842041
1.0
0.9554513096809387
1.0
0.9855396747589111
1.0
1.0
1.0
0.7068249583244324
0.6754093170166016
0.6686878204345703
0.6334590315818787
0.6334566473960876
1.0
0.9554411172866821
1.0
1.0
1.0
0.5786603093147278
0.6502410769462585
0.8375923037528992
0.9701265096664429
1.0
0.921177327632904
0.9398677349090576
0.9675776362419128
0.9860992431640625
0.842287003993988
0.47754567861557007
0.49754807353019714
0.5199024081230164
0.5259132385253906
0.4595852494239807
0.44169825315475464
0.47361594438552856
0.5172817707061768
0.5172767639160156
0.42771074175834656
0.5880848169326782
0.547824501991272
0.5764670372009277
0.5734767913818359
0.6890474557876587
0.5725225806236267
0.5822110772132874
0.6005895733833313
0.6652461290359497
0.7004249095916748
0.4999110698699951
0.4471338093280792
0.43784692883491516
0.5126200318336487
0.3581695854663849
0.39864665269851685
0.33461135625839233
0.3590458631515503
0.3857586979866028
0.40155327320098877
0.7068586945533752
0.6930546164512634
0.6941285133361816
0.712020218372345
0.7493787407875061
1.0
1.0
0.824659526348114
1.0
1.0
0.6188215613365173
0.5051035284996033
0.5842140316963196
0.5582354068756104
0.4581078886985779
0.6015119552612305
0.576754629611969
0.5820846557617188
0.6011290550231934
0.617219865322113
0.5512919425964355
0.5092964172363281
0.4780552089214325
0.5424684286117554
0.522728443145752
0.7444930672645569
1.0
1.0
1.0
1.0
0.700825572013855
0.5870777368545532
0.5339416265487671
0.509955644607544
0.5160678029060364
0.3809082806110382
0.42702144384384155
0.421621710062027
0.39238226413726807
0.3840804994106293
0.480536550283432
0.4181131422519684
0.4475245177745819
0.48490890860557556
0.5073862671852112
0.3970752954483032
0.4269251227378845
0.48492884635925293
0.41182273626327515
0.31618019938468933
0.47776639461517334
0.47776100039482117
0.37415334582328796
0.45131370425224304
0.396075963973999
0.34522169828414917
0.35389190912246704
0.3284013569355011
0.4201327860355377
0.42770475149154663
0.4608538746833801
0.44051676988601685
0.523827075958252
0.5455300807952881
0.5419132709503174
0.5474660992622375
0.5907114148139954
0.5453811287879944
0.48590585589408875
0.4149312973022461
0.4692869782447815
0.46596020460128784
0.4913957118988037
0.5020490288734436
0.5218360424041748
0.4373593330383301
0.38627704977989197
0.45184972882270813
0.5044193267822266
0.5279695987701416
0.47140154242515564
0.4713946580886841
0.4735754132270813
0.44548913836479187
0.4267519414424896
0.6952837109565735
0.9050363302230835
0.9456468820571899
1.0
1.0
0.8615446090698242
1.0
0.9657042622566223
0.9414498209953308
0.9701045751571655
0.8887092471122742
0.8895527720451355
0.9213654398918152
0.8685265779495239
0.9379950165748596
0.9532462954521179
0.9468549489974976
0.919693648815155
0.8949771523475647
0.8896781206130981
0.9542477130889893
0.9699618816375732
0.9222987294197083
0.8548272252082825
0.8254889845848083
1.0
0.9323399066925049
1.0
0.9631915092468262
0.8520121574401855
0.8464792966842651
0.8278756737709045
0.8317540884017944
0.908324122428894
0.9279819130897522
0.9750397801399231
0.9164497256278992
0.9332040548324585
0.9332036972045898
0.9656466245651245
0.6834059953689575
0.6762381792068481
0.6413087844848633
0.6561596393585205
0.6088546514511108
0.5942943096160889
0.6136953234672546
0.5896746516227722
0.5472357869148254
0.5870909690856934
0.990102231502533
0.941595196723938
0.9676717519760132
0.9587679505348206
0.9419674277305603
0.6918449997901917
0.6821375489234924
0.735444188117981
0.5750055909156799
0.5750027894973755
0.7523162364959717
0.7329040169715881
0.7555676102638245
0.7683455348014832
0.7949648499488831
0.8263428807258606
0.7987488508224487
0.8216291666030884
0.8109383583068848
0.8125585317611694
0.653840184211731
0.5961232781410217
0.5506853461265564
0.48100730776786804
0.4680368900299072
0.3750374913215637
0.27348536252975464
0.2720833420753479
0.25601181387901306
0.2140951305627823
0.0
0.0
0.20685501396656036
0.07672233879566193
0.04734086990356445
0.11703519523143768
0.1256142556667328
0.2855144441127777
0.285500705242157
0.3588275909423828
1.0
0.9871910810470581
0.9884034395217896
1.0
0.9732317328453064
0.7565029859542847
0.7279126644134521
0.8181620836257935
0.746071994304657
0.7261449694633484
0.4810295104980469
0.4592466950416565
0.3958456218242645
0.4529542624950409
0.39962366223335266
0.3211492598056793
0.29083967208862305
0.331106573343277
0.34053829312324524
0.30959540605545044
0.4396323561668396
0.4572630524635315
0.5649219751358032
0.535167932510376
0.5719819664955139
0.6969727873802185
0.6977304220199585
0.7352970242500305
0.6713900566101074
0.6656877994537354
0.271196573972702
0.31213197112083435
0.27148857712745667
0.3443022668361664
0.35091885924339294
0.6776537299156189
0.6325811743736267
0.6396110653877258
0.7831730246543884
0.6484988927841187
0.8307517766952515
0.8132435083389282
0.6286179423332214
0.7028505206108093
0.7835706472396851
0.6496286392211914
0.6169717907905579
0.5569830536842346
0.5147311091423035
0.5492964386940002
0.8869916200637817
1.0
0.6884022355079651
0.7989610433578491
0.6459633111953735
0.4427427053451538
0.3972294330596924
0.43116992712020874
0.4224209785461426
0.3442673981189728
0.0
0.0
0.0
0.01819887012243271
0.015222549438476562
0.4397171139717102
0.4016238749027252
0.4541608989238739
0.45647189021110535
0.4490066468715668
0.39956995844841003
0.4017367362976074
0.3884957432746887
0.39303335547447205
0.3916265666484833
0.46334823966026306
0.4602562189102173
0.4442857801914215
0.38287627696990967
0.3313782513141632
0.43553417921066284
0.4555072486400604
0.38975536823272705
0.412263423204422
0.43327414989471436
0.5244736075401306
0.5506066679954529
0.4164333641529083
0.4503627121448517
0.4642229676246643
0.5009055137634277
0.4711722731590271
0.41424664855003357
0.42517560720443726
0.3739638328552246
0.4147103428840637
0.4321485161781311
0.6398038864135742
0.6965653896331787
0.8866718411445618
0.5766040682792664
0.7220630645751953
0.3877406120300293
0.8360732793807983
0.6799421906471252
0.9421682357788086
0.839906632900238
0.9289143085479736
0.8648003339767456
0.8262481689453125
0.8550843000411987
0.8745149970054626
0.8719296455383301
0.8100631833076477
0.6292360424995422
0.42663541436195374
0.44737908244132996
0.39925700426101685
0.39659759402275085
0.4138689339160919
0.2770639657974243
0.29679104685783386
0.18932709097862244
0.21067874133586884
0.18800967931747437
0.09438800066709518
0.0
0.08790311962366104
0.007469558157026768
0.0
0.28690555691719055
0.29942670464515686
0.44567570090293884
0.4645976722240448
0.41278550028800964
0.36435428261756897
0.37999969720840454
0.34136053919792175
0.32915571331977844
0.3338603675365448
0.12444571405649185
0.0348999947309494
0.038138482719659805
0.06556376814842224
0.09785918146371841
0.11915091425180435
0.11914034187793732
0.10863181203603745
0.15422305464744568
0.16307877004146576
0.19182413816452026
0.27103787660598755
0.28801530599594116
0.38762179017066956
0.41700512170791626
0.6831233501434326
0.7030971646308899
0.7180578708648682
0.5304293632507324
0.4804949164390564
0.5647963285446167
0.5530877709388733
0.5968329906463623
0.5340820550918579
0.5994990468025208
0.3281587064266205
0.23955710232257843
0.27422216534614563
0.2622600793838501
0.25245726108551025
0.48482081294059753
0.4541335701942444
0.4274132251739502
0.3957083225250244
0.4149188995361328
0.19158928096294403
0.15189610421657562
0.20686298608779907
0.09953344613313675
0.09311273694038391
0.1027514711022377
0.12270952761173248
0.10431063920259476
0.11934775114059448
0.10358544439077377
0.1385992467403412
0.13604456186294556
0.09107194095849991
0.12341652810573578
0.07226196676492691
0.19139929115772247
0.3529636263847351
0.44143542647361755
0.5534827709197998
0.6411646008491516
0.20962175726890564
0.12540805339813232
0.0869360864162445
0.08443473279476166
0.12060519307851791
0.5774325132369995
0.6665639877319336
0.7089899778366089
0.7735316157341003
0.707567572593689
0.6012105941772461
0.6012087464332581
0.60120689868927
0.6129048466682434
0.6015071272850037
0.43302011489868164
0.47550705075263977
0.4707459807395935
0.45220309495925903
0.45760786533355713
0.15432687103748322
0.20126105844974518
0.32897573709487915
0.4305821359157562
0.2951815128326416
0.4246521592140198
0.450516939163208
0.476905882358551
0.5111454725265503
0.6518468260765076
0.40509867668151855
0.42457151412963867
0.3958698809146881
0.38493260741233826
0.35842323303222656
0.2188521921634674
0.18612375855445862
0.1649162471294403
0.14092180132865906
0.11986970901489258
0.0
0.0
0.0
0.0
0.0
0.0045431130565702915
0.009631872177124023
0.03725095093250275
0.03063836134970188
0.041387174278497696
0.1685786098241806
0.15865063667297363
0.12920723855495453
0.09054799377918243
0.06942638754844666
0.13310874998569489
0.1919592320919037
0.1770731657743454
0.19375267624855042
0.19137442111968994
0.11714624613523483
0.1527353823184967
0.1720847338438034
0.130085751414299
0.13018478453159332
0.048073429614305496
0.05780196189880371
0.01413798425346613
0.017750168219208717
0.02505454793572426
0.19690194725990295
0.21389339864253998
0.23137597739696503
0.2618064284324646
0.3135643005371094
0.32631731033325195
0.30858999490737915
0.33702972531318665
0.29979759454727173
0.30459943413734436
0.18271619081497192
0.17462319135665894
0.16841764748096466
0.1464913785457611
0.12776438891887665
0.09413961321115494
0.08337569236755371
0.11713153123855591
0.28810739517211914
0.41866347193717957
0.37979382276535034
0.31388044357299805
0.3101932108402252
0.23771578073501587
0.16915535926818848
0.3878598213195801
0.3979538679122925
0.33953988552093506
0.360838383436203
0.3925667405128479
0.877263069152832
0.8690139055252075
0.8755055069923401
0.9413085579872131
0.9024384617805481
0.8219883441925049
0.8269598484039307
0.820273220539093
0.88596111536026
0.8621536493301392
0.8778136372566223
0.9414055943489075
0.9464542865753174
0.9765123724937439
0.974851667881012
0.7128687500953674
0.7204360365867615
0.6914933323860168
0.7721630334854126
0.7857701182365417
0.7944582104682922
0.7487725615501404
0.6729963421821594
0.6866365075111389
0.6563733816146851
0.3296876549720764
0.27746453881263733
0.23468191921710968
0.21029025316238403
0.18801772594451904
0.0
0.016973447054624557
0.0
0.03287124261260033
0.06085815280675888
0.026788759976625443
0.049227479845285416
0.029930781573057175
0.03332648053765297
0.04589023441076279
0.0
0.0
0.0
0.0
0.0
0.0
0.0
0.0
0.0
0.0
1.0
1.0
1.0
1.0
1.0
0.9531030654907227
0.9979127645492554
0.9687790870666504
0.9198810458183289
0.7011657357215881
0.6294920444488525
0.6298524141311646
0.6006342172622681
0.6455907821655273
0.6470320820808411
0.7244554162025452
0.736018717288971
0.7163071632385254
0.6913241744041443
0.6867551803588867
0.6442954540252686
0.6580104231834412
0.6277453303337097
0.6002945899963379
0.6483248472213745
0.6761713624000549
0.6668552160263062
0.6345051527023315
0.580761194229126
0.5471426248550415
0.5268940329551697
0.5028914213180542
0.5238377451896667
0.4828449487686157
0.419524222612381
0.4745666980743408
0.42832911014556885
0.26508235931396484
0.36749735474586487
0.49094489216804504
0.25243738293647766
0.2823922038078308
0.3789343237876892
0.47964003682136536
0.6247402429580688
0.6131531596183777
0.5992178916931152
0.5978586673736572
0.5738905668258667
0.5987606644630432
0.6166785955429077
0.5977019667625427
0.6223244667053223
0.6232617497444153
0.639018714427948
0.6431552171707153
0.6952298879623413
0.6437000036239624
0.7695401310920715
0.6901448965072632
0.6055700182914734
0.5997682213783264
0.6309457421302795
0.566731870174408
0.6111764311790466
0.5621089935302734
0.6056920289993286
0.6056724786758423
0.6242871284484863
0.6373203992843628
0.5682413578033447
0.5541059970855713
0.5480008721351624
0.568693995475769
0.5606122612953186
0.5976159572601318
0.5807857513427734
0.588300883769989
0.5828424096107483
0.5813946723937988
0.5685130953788757
0.5818475484848022
0.5786101222038269
0.5702603459358215
0.5750579833984375
0.5970917344093323
0.5910453200340271
0.5797067284584045
0.5727267861366272
0.5890890955924988
0.6024084091186523
0.6236985921859741
0.5987074375152588
0.5834904909133911
0.6425262689590454
0.6721395254135132
0.6934212446212769
0.676543653011322
0.6507320404052734
0.6219304203987122
0.28176817297935486
0.27109748125076294
0.25617697834968567
0.22420719265937805
0.24002429842948914
0.24091945588588715
0.19658687710762024
0.17449776828289032
0.19303400814533234
0.10115493088960648
0.17562322318553925
0.10345301777124405
0.18486633896827698
0.17050643265247345
0.10898055881261826
0.09840736538171768
0.13280406594276428
0.10655240714550018
0.15706129372119904
0.16373471915721893
0.055361557751894
0.07234267890453339
0.09766273200511932
0.06601104885339737
0.08163976669311523
0.1631658971309662
0.2333323061466217
0.17218227684497833
0.225613072514534
0.2414388209581375
0.29679161310195923
0.32580941915512085
0.36182913184165955
0.3567919135093689
0.35405659675598145
0.3592822551727295
0.33967405557632446
0.397880882024765
0.3746821880340576
0.3657590448856354
0.32310014963150024
0.3831993639469147
0.31192222237586975
0.4042738378047943
0.3677116930484772
0.5835717916488647
0.5948045253753662
0.5830566883087158
0.6189721822738647
0.6764017343521118
0.37104201316833496
0.3898163437843323
0.3973471224308014
0.3766835629940033
0.4328137934207916
0.020512817427515984
0.11086554825305939
0.2455005943775177
0.377020925283432
0.5955554246902466
1.0
1.0
0.987932026386261
0.9102641344070435
0.9654722213745117
0.544809103012085
0.6264432668685913
0.6308301687240601
0.7949830293655396
0.9222418665885925
0.6436883807182312
0.7175964713096619
0.7336670160293579
0.6925721764564514
0.6794003248214722
0.6331884860992432
0.633021354675293
0.5826550722122192
0.56206214427948
0.5605597496032715
0.6070247292518616
0.5427118539810181
0.5379800796508789
0.5619460344314575
0.5619444251060486
0.6659019589424133
0.6849070191383362
0.6706442832946777
0.633674681186676
0.5776936411857605
0.5084028840065002
0.5306694507598877
0.5197022557258606
0.48795679211616516
0.5078471302986145
0.43104228377342224
0.4378562867641449
0.5008057951927185
0.6850965023040771
0.8369577527046204
0.9095923900604248
0.9197035431861877
0.995704710483551
0.9119109511375427
0.9217146039009094
0.8051573634147644
0.7306963801383972
0.7403066158294678
0.6924394965171814
0.6949467062950134
0.585772693157196
0.6832963228225708
0.7222411632537842
0.8169739842414856
0.7471587061882019
0.7863034605979919
0.638914167881012
0.5204049944877625
0.6614152193069458
0.5170159339904785
0.45606496930122375
0.4372057020664215
0.4430905878543854
0.42778319120407104
0.393068790435791
0.6876674294471741
0.6533384323120117
0.6575783491134644
0.6361770033836365
0.6379725337028503
0.6208621859550476
0.638478696346283
0.617883026599884
0.6581668853759766
0.6325910091400146
0.6211706399917603
0.6279167532920837
0.6137024760246277
0.6306309103965759
0.6123555898666382
0.625317394733429
0.6389266848564148
0.6559731364250183
0.6544960737228394
0.6570768356323242
0.6931824684143066
0.6938025951385498
0.6926302313804626
0.6720526218414307
0.6579881906509399
0.6831670999526978
0.683193564414978
0.7421548962593079
0.7556326985359192
0.7281095385551453
0.564197838306427
0.5871164798736572
0.581082284450531
0.5595276355743408
0.5391398668289185
0.6261500120162964
0.6261487603187561
0.631707489490509
0.5929872393608093
0.6255120038986206
0.599040150642395
0.6221567988395691
0.6059030294418335
0.5341015458106995
0.5851717591285706
0.5994899868965149
0.5281670689582825
0.5957480669021606
0.5790531039237976
0.5635811686515808
0.5959525108337402
0.6223382353782654
0.5890765190124512
0.587618887424469
0.5715031623840332
0.5707148313522339
0.5662581324577332
0.5946648716926575
0.5704041123390198
0.6062995195388794
0.6627029776573181
0.6798089146614075
0.6522501111030579
0.6153593063354492
0.6315979361534119
0.7045460939407349
0.7405138611793518
0.6828244924545288
0.6920322179794312
0.7096012234687805
0.6733598709106445
0.6969522833824158
0.7005062699317932
0.6696834564208984
0.6408708691596985
0.6305604577064514
0.59846031665802
0.6825796365737915
0.6427845358848572
0.6587694883346558
0.6325368285179138
0.6384801864624023
0.5860328674316406
0.5754058361053467
0.6467405557632446
0.58622145652771
0.5836341381072998
0.6102246046066284
0.6104580163955688
0.576779305934906
0.6651027202606201
0.6943125128746033
0.6387349367141724
0.65220707654953
0.6511836647987366
0.6624821424484253
0.6203872561454773
0.6379724144935608
0.5480666160583496
0.6091259717941284
0.6651373505592346
0.6357738971710205
0.6357725858688354
0.6222125887870789
0.6883183121681213
0.6447995901107788
0.6415107846260071
0.644993782043457
0.6317851543426514
0.635105550289154
0.7076448202133179
0.6672531366348267
0.6728799939155579
0.7234945297241211
0.7189880013465881
0.6369384527206421
0.6235098838806152
0.5798384547233582
0.5740717649459839
0.6093502640724182
0.6207432150840759
0.5958318710327148
0.6079218983650208
0.5573267936706543
0.568191647529602
0.5619931817054749
0.5733710527420044
0.5949577689170837
0.6269692182540894
0.6401243805885315
0.6160110831260681
0.6550993919372559
0.6364292502403259
0.6460791230201721
0.6339366436004639
0.6785719990730286
0.7418059706687927
0.690125584602356
0.683116614818573
0.6461300253868103
0.608769416809082
0.598547637462616
0.5950168371200562
0.5918154120445251
0.5834004878997803
0.6156014800071716
0.6221230030059814
0.5596718192100525
0.633581817150116
0.63358074426651
0.6192183494567871
0.6128435134887695
0.6149311065673828
0.635149359703064
0.6073678135871887
0.5872945785522461
0.6076905727386475
0.6183424592018127
0.5931767225265503
0.59358149766922
0.5843625068664551
0.5858448147773743
0.5716925859451294
0.5530720949172974
0.5709745287895203
0.6066169738769531
0.6270967721939087
0.5994929075241089
0.6173992156982422
0.6168396472930908
0.638390839099884
0.629580020904541
0.6891061067581177
0.7072481513023376
0.704608142375946
0.6371646523475647
0.6242153644561768
0.6225623488426208
0.5993520021438599
0.6071683168411255
0.5555170774459839
0.5357626676559448
0.5684722661972046
0.5890562534332275
0.5572588443756104
0.6763315796852112
0.6844369173049927
0.6508947610855103
0.6345453262329102
0.599033534526825
0.5253479480743408
0.5424283146858215
0.5366983413696289
0.547930896282196
0.5763691067695618
0.5539627075195312
0.5537794828414917
0.5483250617980957
0.5069525837898254
0.5211281180381775
0.5524959564208984
0.5927044153213501
0.6025304198265076
0.5935099124908447
0.568268895149231
0.7494279146194458
0.7127690315246582
0.6559845209121704
0.6597434282302856
0.6193681359291077
0.5092098116874695
0.5481979250907898
0.5350313782691956
0.5182625651359558
0.5600192546844482
0.5251398682594299
0.5694518089294434
0.5510629415512085
0.6002324819564819
0.6178939938545227
0.6330916881561279
0.6170194149017334
0.612957239151001
0.6026561260223389
0.6296718716621399
0.4983348548412323
0.545007586479187
0.5144657492637634
0.5243896842002869
0.5384954214096069
0.6858566403388977
0.6391245722770691
0.6513040661811829
0.665232241153717
0.7005075812339783
0.7292455434799194
0.6832078099250793
0.7456435561180115
0.7123762965202332
0.6121827363967896
0.5819735527038574
0.5602762699127197
0.5402799248695374
0.7128459811210632
0.904538094997406
0.7598133087158203
0.7759063839912415
0.7115235328674316
0.6890137791633606
0.6716290712356567
0.5934882760047913
0.541826605796814
0.5620074272155762
0.5734251737594604
0.5964676141738892
0.5266602039337158
0.501693606376648
0.5459353923797607
0.5928109884262085
0.5717262625694275
0.5938065052032471
0.7088817954063416
0.7507175803184509
0.7774907350540161
0.8290799260139465
0.7013155817985535
0.6557522416114807
0.6623760461807251
0.6650636196136475
0.6605609059333801
0.6223310232162476
0.6155029535293579
0.6055201292037964
0.5689020752906799
0.613847553730011
0.5664232969284058
0.5572813153266907
0.5586450695991516
0.5735393762588501
0.5758546590805054
0.6676359176635742
0.6818943023681641
0.6820582747459412
0.6974701285362244
0.7247053384780884
0.6616084575653076
0.7217585444450378
0.7025567293167114
0.6642025113105774
0.6433753967285156
0.6492023468017578
0.6431084871292114
0.643857479095459
0.6309740543365479
0.6474788188934326
0.6086767911911011
0.5993729829788208
0.67387855052948
0.7581613659858704
0.7329531311988831
0.7638006210327148
0.7498236894607544
0.7373294830322266
0.690974235534668
0.6842503547668457
0.5655762553215027
0.5430713295936584
0.6087205410003662
0.5878329277038574
0.6121630668640137
0.6652441024780273
0.6621251702308655
0.707548975944519
0.6864834427833557
0.6966012120246887
0.6577230095863342
0.663033664226532
0.6543211936950684
0.5551156997680664
0.6278998851776123
0.5868996977806091
0.6014247536659241
0.6043160557746887
0.6241522431373596
0.5992502570152283
0.6708531379699707
0.676274836063385
0.6816492080688477
0.690700113773346
0.6575543880462646
0.6562775373458862
0.640351414680481
0.641553521156311
0.5979660153388977
0.6314243078231812
0.6912029385566711
0.6779137849807739
0.6223892569541931
0.6626211404800415
0.6105313897132874
0.7473689913749695
0.6344459652900696
0.6189900040626526
0.5613395571708679
0.5307705402374268
0.4632055461406708
0.4977774918079376
0.451310932636261
0.4629451036453247
0.43521907925605774
0.49596700072288513
0.4959647059440613
0.4729646146297455
0.46518000960350037
0.4115407466888428
0.4786808490753174
0.48361530900001526
0.45357924699783325
0.4857615530490875
0.43953436613082886
0.4756302535533905
0.4552823603153229
0.4671422839164734
0.46293091773986816
0.4829384982585907
0.5441110730171204
0.544109046459198
0.5466696619987488
0.518807053565979
0.5140454173088074
0.573584794998169
0.615496039390564
0.5799466967582703
0.63742995262146
0.6113564372062683
0.6215864419937134
0.5849558115005493
0.6121339201927185
0.5907307267189026
0.6093482375144958
0.673981785774231
0.6221994161605835
0.677881121635437
0.6581516265869141
0.6459271311759949
0.6827999949455261
0.6416761875152588
0.6817122101783752
0.6402603983879089
0.6401573419570923
0.6791897416114807
0.67258220911026
0.6637205481529236
0.6799620985984802
0.6616564393043518
0.997142493724823
0.9990032911300659
1.0
1.0
0.9975157976150513
0.698188066482544
0.65250164270401
0.7016443610191345
0.6789780259132385
0.688755452632904
0.6530245542526245
0.6604962348937988
0.6731680035591125
0.6636911630630493
0.7094916701316833
0.703430712223053
0.7072393298149109
0.7018025517463684
0.6969618797302246
0.714712381362915
0.641549289226532
0.6251726150512695
0.6887564659118652
0.749675452709198
0.7445560097694397
1.0
1.0
1.0
1.0
1.0
1.0
0.928349494934082
0.9204769730567932
0.8510674238204956
0.8734365105628967
0.9110398888587952
0.9810001850128174
0.9777102470397949
0.9270707964897156
0.9671684503555298
0.8769122362136841
0.8711369633674622
0.8738385438919067
0.872086226940155
0.8614926338195801
0.8379120826721191
0.8425332903862
0.8761097192764282
0.9661097526550293
0.9162771105766296
1.0
1.0
1.0
0.9367741942405701
0.9527645707130432
0.9099235534667969
0.9355454444885254
0.9679190516471863
0.9070642590522766
0.8883917331695557
0.8086334466934204
0.8877121806144714
0.9461494088172913
0.9082330465316772
0.9778971076011658
0.949083149433136
0.9613083600997925
0.9510952830314636
0.992946207523346
0.9883219599723816
0.8261045217514038
0.7890442609786987
0.8404712080955505
0.8618873953819275
0.8423445224761963
0.7648316025733948
0.7656847834587097
0.7385297417640686
0.7548482418060303
0.7206178307533264
0.7185260653495789
0.7299761176109314
0.7538401484489441
0.7280448079109192
0.6934499144554138
0.7096144556999207
0.6976139545440674
0.6847805976867676
0.7017189264297485
0.6723262071609497
0.6707478761672974
0.6829221248626709
0.673552393913269
0.6732288599014282
0.6732279062271118
0.6975013017654419
0.7532607913017273
0.6856911182403564
0.7207133173942566
0.7796375751495361
1.0
1.0
0.9979960322380066
1.0
1.0
0.7314979434013367
0.7797945737838745
0.6891354918479919
0.7211772799491882
0.7375233173370361
0.7458510994911194
0.7006881237030029
0.6901457905769348
0.6878018975257874
0.6871419548988342
0.7323228120803833
0.6713933944702148
0.6518440246582031
0.6891567707061768
0.6870825290679932
0.7258275151252747
0.6495723724365234
0.6998389959335327
0.6640257239341736
0.6682705879211426
0.6698604226112366
0.6759282350540161
0.6847566962242126
0.6940504312515259
0.6872281432151794
0.6626734137535095
0.6646530032157898
0.639340877532959
0.651739776134491
0.6281740665435791
0.7289543747901917
0.7355578541755676
0.7510837316513062
0.7410770058631897
0.7535921931266785
0.7124858498573303
0.6681306958198547
0.7308350801467896
0.7460789084434509
0.904069721698761
1.0
0.9651373028755188
0.9711917042732239
0.9541435241699219
1.0
0.7619538903236389
0.6770310401916504
0.7260620594024658
0.7272886633872986
0.6876817345619202
0.9288346171379089
0.8949803709983826
0.9426544904708862
0.9465181827545166
0.9709236025810242
1.0
0.9506701827049255
1.0
1.0
1.0
0.9488554000854492
0.9244704246520996
0.8900368213653564
0.9047729969024658
0.9052575826644897
0.861109733581543
0.8096430897712708
0.8292590975761414
0.8460650444030762
0.8674757480621338
0.7739238739013672
0.7739232778549194
0.759828507900238
0.7767633199691772
0.7539502382278442
0.7691176533699036
0.7400670051574707
0.7578132152557373
0.7209080457687378
0.6884257197380066
0.6700582504272461
0.6991234421730042
0.7246144413948059
0.7380081415176392
0.7459951043128967
0.7633348107337952
0.6918329000473022
0.7287005186080933
0.7335677742958069
0.7454725503921509
0.8405770063400269
0.8131359219551086
0.8170493841171265
0.8141348361968994
0.794236421585083
0.7143975496292114
0.7047364711761475
0.7317315936088562
0.7624788284301758
0.7713285684585571
0.7281619310379028
0.721593976020813
0.7221080660820007
0.7503886222839355
0.7533887624740601
0.7775087952613831
0.7775082588195801
0.6957991719245911
0.7336236238479614
0.70744788646698
0.7252280116081238
0.7049919962882996
0.8476154804229736
0.7200090885162354
0.6897083520889282
1.0
1.0
1.0
1.0
1.0
1.0
1.0
0.9682064652442932
0.9717147350311279
0.9403194189071655
0.929792046546936
0.9195745587348938
0.9271133542060852
0.9394471645355225
0.9326606392860413
0.8708377480506897
0.8757938146591187
0.8774001598358154
0.8878359794616699
0.8799835443496704
0.871570348739624
0.8228790163993835
0.8318037390708923
0.8033040165901184
0.7808496952056885
0.7943168878555298
0.7808902859687805
0.8635297417640686
0.8072305917739868
0.7479121685028076
0.9453198909759521
0.9605154395103455
0.9455219507217407
0.9592459201812744
0.9895092844963074
0.9944818019866943
1.0
0.9531125426292419
1.0
0.932685136795044
0.8755534291267395
0.8774681091308594
0.9060409665107727
0.8376110792160034
0.8704409003257751
0.8388501405715942
0.8015768527984619
0.8571367263793945
0.8683392405509949
0.8999117612838745
0.84675532579422
0.8240419030189514
0.8110463619232178
0.874426543712616
0.8850579857826233
0.8311567306518555
0.8443788886070251
0.8106036186218262
0.7894636392593384
0.7894632816314697
0.8591875433921814
0.8954780697822571
0.9196823239326477
0.9006056189537048
0.906834602355957
0.9103413224220276
0.8816401362419128
0.9023849964141846
0.9111432433128357
0.9245766401290894
0.8010960221290588
0.7907798886299133
0.8427820205688477
0.9051461219787598
0.8948964476585388
0.9488322138786316
0.8900790810585022
0.9206790328025818
0.8773584961891174
0.8698223829269409
1.0
1.0
0.936231255531311
0.9282342791557312
0.9814386367797852
0.497523695230484
0.4944819509983063
0.4980236291885376
0.5000099539756775
0.47431516647338867
0.46695372462272644
0.46003735065460205
0.4998975396156311
0.5190451741218567
0.5092938542366028
0.4611477255821228
0.4856679141521454
0.507495105266571
0.5060452222824097
0.4965478777885437
0.48411253094673157
0.4936624765396118
0.5082913637161255
0.4860844910144806
0.5122618675231934
0.5151768922805786
0.49992406368255615
0.5157726407051086
0.5025801658630371
0.504051685333252
0.5099620819091797
0.5120336413383484
0.5177257061004639
0.4891918897628784
0.47245341539382935
0.46687716245651245
0.4738829731941223
0.7000176906585693
0.739814817905426
0.7751165628433228
1.0
1.0
1.0
1.0
1.0
0.7522836327552795
0.7331163287162781
0.6890498399734497
0.6502927541732788
0.686191737651825
0.5742352604866028
0.5598548054695129
0.518134593963623
0.5588069558143616
0.5771753191947937
0.5197156667709351
0.5935413837432861
0.5715732574462891
0.570875883102417
0.5406982898712158
0.49538880586624146
0.49924784898757935
0.5204540491104126
0.5195940732955933
0.5564937591552734
0.5208624005317688
0.5333091020584106
0.546493649482727
0.5534660220146179
0.49902963638305664
0.5394167900085449
0.5410118699073792
0.5507296919822693
0.5016433000564575
0.5494338274002075
0.5986633896827698
0.5852310657501221
0.5635249614715576
0.5769168138504028
0.5857405066490173
1.0
1.0
1.0
1.0
1.0
0.9098331332206726
0.8460075855255127
0.8329662680625916
0.7722998261451721
0.7323704361915588
0.6688856482505798
0.6928354501724243
0.6839335560798645
0.6956754326820374
0.7021238803863525
0.6378553509712219
0.7064658999443054
0.6872239708900452
0.6323903203010559
0.6664746403694153
0.7521207928657532
0.8098434209823608
0.76519775390625
0.7873188853263855
0.7485100030899048
0.8369348049163818
0.8347606658935547
0.810696005821228
0.8029959797859192
0.8272435665130615
0.935773491859436
0.9243735671043396
0.9468705058097839
0.7911009192466736
0.8985719680786133
0.9234118461608887
0.9143893718719482
0.959983766078949
0.9522389769554138
0.915557324886322
0.7919021844863892
0.8070046305656433
0.7982069253921509
0.7935163974761963
0.8270043730735779
