0.41376134753227234
0.44577255845069885
0.4019908905029297
0.43892180919647217
0.45423436164855957
0.48039454221725464
0.5211756825447083
0.4986400008201599
0.4836302697658539
0.4311791658401489
0.468449205160141
0.4473592936992645
0.5040422081947327
0.4968644976615906
0.5133184194564819
0.5118441581726074
0.5007108449935913
0.4719325304031372
0.5002714395523071
0.46311601996421814
0.46043860912323
0.44787847995758057
0.4792438745498657
0.4526887834072113
0.4681941568851471
0.4909408688545227
0.4782036542892456
0.501101016998291
0.49692001938819885
0.49398353695869446
0.45597541332244873
0.4469743072986603
0.4723150432109833
0.5020077228546143
0.4763154983520508
0.4399620294570923
0.46016767621040344
0.38778597116470337
0.3888433873653412
0.38557741045951843
0.3659910261631012
0.38377150893211365
0.40176644921302795
0.4216096103191376
0.4285845160484314
0.4333643615245819
0.43994036316871643
0.412776380777359
0.4339534342288971
0.4806842505931854
0.4730572998523712
0.4635170102119446
0.4809752106666565
0.49443912506103516
0.4631962180137634
0.45806658267974854
0.44244152307510376
0.464481383562088
0.4584977924823761
0.42525026202201843
0.44862547516822815
0.44295284152030945
0.43355512619018555
0.4401497542858124
0.37705472111701965
0.3983059823513031
0.42624711990356445
0.43381890654563904
0.435835063457489
0.4282676875591278
0.40930578112602234
0.4084054231643677
0.430019348859787
0.39164140820503235
0.3879910707473755
0.42752590775489807
0.44456422328948975
0.44145524501800537
0.3773098587989807
0.3995552361011505
0.38957679271698
0.3764697313308716
0.3921610116958618
0.3583544194698334
0.34985509514808655
0.3632785975933075
0.34382838010787964
0.35115766525268555
0.34199395775794983
0.3777122497558594
0.3958989083766937
0.40869826078414917
0.3861387372016907
0.4284103810787201
0.39833348989486694
0.43884533643722534
0.5540816187858582
0.6153518557548523
0.5957606434822083
0.6579849123954773
0.7820291519165039
0.7963376641273499
0.9744710922241211
1.0
1.0
1.0
1.0
0.9812187552452087
1.0
1.0
1.0
0.9556198716163635
1.0
1.0
1.0
1.0
1.0
1.0
1.0
1.0
0.9778062105178833
1.0
0.9964191913604736
1.0
0.9553069472312927
0.9733123779296875
1.0
0.9988753199577332
1.0
0.9838055968284607
0.9977424144744873
1.0
0.9792470932006836
0.9463316798210144
0.9523501992225647
0.9108595252037048
0.8882683515548706
0.8888119459152222
0.8679398894309998
0.850986659526825
0.8328303098678589
0.7616052627563477
0.8151990175247192
0.7645947337150574
0.764045000076294
0.7435911297798157
0.704913318157196
0.7319623827934265
0.7140675783157349
0.6624002456665039
0.7208001017570496
0.6953737139701843
0.6907424926757812
0.690741777420044
0.7239153385162354
0.6732638478279114
0.6730707287788391
0.6800179481506348
0.6481438875198364
0.6712889671325684
0.6552255749702454
0.6023685932159424
0.5902213454246521
0.5800367593765259
0.5755390524864197
0.5609780550003052
0.6116055250167847
0.5666682124137878
0.5014334321022034
0.5532850027084351
0.5323281288146973
0.6004985570907593
0.7058928608894348
0.6819702386856079
0.8666630983352661
1.0
1.0
1.0
1.0
1.0
1.0
1.0
1.0
1.0
1.0
1.0
1.0
1.0
0.9889160394668579
1.0
1.0
1.0
0.9970179200172424
0.9921218752861023
0.9867902994155884
0.9956458806991577
1.0
1.0
1.0
0.994396448135376
1.0
0.9824274182319641
0.9983508586883545
1.0
1.0
1.0
1.0
1.0
0.9928669333457947
0.9811290502548218
0.9865840077400208
0.9851905107498169
0.9851904511451721
0.9508777260780334
0.9051147699356079
0.8376370072364807
0.8767842054367065
0.8319482803344727
0.8304716348648071
0.7623181343078613
0.8094484806060791
0.7235433459281921
0.7467740774154663
0.7047891616821289
0.7019822001457214
0.6452843546867371
0.6563687920570374
0.7043038010597229
0.6568005681037903
0.6054757237434387
0.5826254487037659
0.5674504041671753
0.562901496887207
0.6180408596992493
0.5776680111885071
0.5699161291122437
0.5419164299964905
0.5455948710441589
0.511936604976654
0.5091148018836975
0.4960040748119354
0.5069237947463989
0.5472947359085083
0.5311018824577332
0.5423752069473267
0.5625836849212646
0.6026580929756165
0.8163918256759644
0.9122322201728821
0.9122319221496582
0.9911642074584961
1.0
1.0
1.0
1.0
1.0
1.0
1.0
1.0
0.9767311811447144
1.0
1.0
1.0
1.0
1.0
1.0
0.9986578822135925
1.0
1.0
0.9856619238853455
1.0
1.0
1.0
1.0
0.9777641296386719
1.0
1.0
0.9927363991737366
0.9913073182106018
1.0
0.9698643088340759
1.0
0.9855899810791016
0.9370278716087341
0.9067724347114563
0.9067723751068115
0.8300648927688599
0.7955245971679688
0.8310765624046326
0.817010223865509
0.7756475210189819
0.7676404118537903
0.784447431564331
0.7388207316398621
0.7218052744865417
0.7262113690376282
0.70379239320755
0.7559537887573242
0.6772448420524597
0.6648781895637512
0.7100537419319153
0.6910940408706665
0.6843909025192261
0.7056652903556824
0.7056645750999451
0.6672338247299194
0.6558019518852234
0.6411081552505493
0.6368504762649536
0.6218683123588562
0.6358495950698853
0.6067838668823242
0.7069458961486816
0.7283780574798584
0.8222781419754028
0.8671293258666992
0.8671570420265198
0.9887055158615112
1.0
1.0
1.0
1.0
1.0
1.0
1.0
1.0
1.0
1.0
1.0
0.9983452558517456
1.0
1.0
1.0
0.9579822421073914
0.9697216153144836
0.981229305267334
0.9875136613845825
0.9999784231185913
0.9942110776901245
0.9904497861862183
0.9818087816238403
0.9985714554786682
1.0
0.9666134715080261
0.9804685711860657
0.9940624237060547
1.0
0.9993226528167725
0.9919152855873108
0.9920195937156677
0.9935484528541565
1.0
0.9585989713668823
0.9232848286628723
0.9144307374954224
0.8118665218353271
0.7877687811851501
0.8082681894302368
0.7896369695663452
0.7567269206047058
0.8162052035331726
0.7227898240089417
0.7256499528884888
0.7785964012145996
0.7857367396354675
0.717808723449707
0.6962969899177551
0.7356370687484741
0.6699773669242859
0.66321861743927
0.647183895111084
0.6585160493850708
0.6323384046554565
0.6029253005981445
0.5906603932380676
0.5914216637611389
0.6472386717796326
0.6027361154556274
0.5677900314331055
0.5450882911682129
0.5333184599876404
0.5333170294761658
0.5142797231674194
0.5822756290435791
0.4975384473800659
0.5049169063568115
0.6341753005981445
0.6090894937515259
0.7408586740493774
0.8190602660179138
0.9166742563247681
0.99617600440979
1.0
1.0
1.0
0.9340935945510864
1.0
0.9888708591461182
1.0
1.0
1.0
1.0
1.0
0.9839312434196472
1.0
0.9536111354827881
0.9617845416069031
0.9914661645889282
0.9839293360710144
0.9377248287200928
0.9983378052711487
0.9743265509605408
0.9829738736152649
0.9764573574066162
1.0
0.9968873262405396
0.9926378130912781
1.0
0.9661134481430054
0.9737736582756042
0.9931902885437012
0.9779914021492004
1.0
0.951175332069397
0.9771118760108948
0.9457340240478516
0.8014755249023438
0.7455739974975586
0.7467631697654724
0.7692719101905823
0.7191347479820251
0.7000305652618408
0.6211724281311035
0.631666362285614
0.6856890320777893
0.6328343749046326
0.6355690956115723
0.6419718265533447
0.6439632177352905
0.6439622044563293
0.6567485332489014
0.6352232098579407
0.6169714331626892
0.5911465287208557
0.5635875463485718
0.5899214744567871
0.5871053338050842
0.5659374594688416
0.5752790570259094
0.5858682990074158
0.5351802110671997
0.5445008277893066
0.5155861973762512
0.5291218757629395
0.5959415435791016
0.5667040944099426
0.5642656087875366
0.549772322177887
0.5371972918510437
0.569639265537262
0.5787146091461182
0.6890220046043396
0.8662921786308289
0.8823193907737732
0.9825741648674011
1.0
0.9917131662368774
1.0
1.0
1.0
1.0
1.0
1.0
1.0
0.9904125928878784
1.0
1.0
1.0
1.0
1.0
1.0
1.0
0.9941569566726685
1.0
1.0
0.9889563322067261
1.0
1.0
1.0
1.0
0.987736165523529
1.0
1.0
0.9788834452629089
0.9973711967468262
0.9817600846290588
0.9817600846290588
0.990036129951477
0.9945564270019531
0.9854198694229126
0.9686068296432495
0.9065368175506592
0.878046989440918
0.8360415697097778
0.8233617544174194
0.7892834544181824
0.8534160256385803
0.8518167734146118
0.8172110319137573
0.7730234265327454
0.8006063103675842
0.7390778064727783
0.790610671043396
0.708715558052063
0.6647031307220459
0.7000749111175537
0.6755285859107971
0.6977540850639343
0.6479941010475159
0.6390394568443298
0.6091769337654114
0.5833215713500977
0.5891385078430176
0.6345396041870117
0.6276046633720398
0.5834032893180847
0.5852867960929871
0.5757691264152527
0.5158206224441528
0.5028849244117737
0.5560774803161621
0.5166363716125488
0.5440560579299927
0.5440545082092285
0.513130784034729
0.5204898118972778
0.5191462635993958
0.583773672580719
0.7185845971107483
0.8051822185516357
0.9102056622505188
0.9287899732589722
1.0
0.932487964630127
1.0
1.0
1.0
1.0
1.0
1.0
1.0
1.0
1.0
1.0
1.0
1.0
0.9948045015335083
1.0
1.0
0.9504488706588745
1.0
1.0
1.0
1.0
1.0
1.0
1.0
1.0
1.0
1.0
1.0
1.0
1.0
1.0
0.9945658445358276
0.9630656242370605
0.955886721611023
0.9045663475990295
0.8930585980415344
0.8520733118057251
0.8208430409431458
0.8049895763397217
0.7881900668144226
0.8423202037811279
0.8248018622398376
0.7772639393806458
0.8166517615318298
0.8060042262077332
0.7832309603691101
0.780388355255127
0.7488893270492554
0.7488888502120972
0.7313655018806458
0.7543519139289856
0.763940155506134
0.7201513648033142
0.7373494505882263
0.7153629660606384
0.7365415692329407
0.7025235295295715
0.6980505585670471
0.6078991889953613
0.6573144197463989
0.6635856032371521
0.6492308378219604
0.5895981788635254
0.6219832301139832
0.5735541582107544
0.5546872019767761
0.5173839330673218
0.545148491859436
0.5451470613479614
0.48666685819625854
0.5070350766181946
0.48586657643318176
0.5093546509742737
0.5104804039001465
0.49730777740478516
0.5974329113960266
0.5768821835517883
0.8407945036888123
0.8791579604148865
1.0
1.0
1.0
1.0
1.0
1.0
1.0
1.0
1.0
1.0
1.0
1.0
1.0
0.9941087961196899
0.9866266846656799
0.9907209873199463
0.9796571731567383
0.9990220069885254
1.0
0.9834408760070801
0.9872714877128601
0.9952539801597595
1.0
1.0
1.0
1.0
1.0
1.0
1.0
1.0
1.0
1.0
1.0
0.997574508190155
0.9965939521789551
0.9715531468391418
0.9318761229515076
0.9094789624214172
0.8580211997032166
0.8330420255661011
0.8461092114448547
0.7525348663330078
0.7408958077430725
0.8097350001335144
0.7743344306945801
0.7743339538574219
0.7743335366249084
0.744883120059967
0.7674732804298401
0.7405685782432556
0.6831813454627991
0.6602219343185425
0.6584475040435791
0.6512218117713928
0.6595427393913269
0.7018707990646362
0.6879863142967224
0.7087888717651367
0.6833829283714294
0.6711541414260864
0.6675045490264893
0.6728717088699341
0.6608913540840149
0.6473623514175415
0.6495673060417175
0.651128888130188
0.6511280536651611
0.6434788107872009
0.6121755242347717
0.6111514568328857
0.6747270226478577
0.6449266076087952
0.6293628811836243
0.6814337968826294
0.6895707845687866
0.728636622428894
0.8812240958213806
0.9655852317810059
0.9886229634284973
1.0
1.0
1.0
1.0
1.0
1.0
1.0
0.9823068976402283
1.0
1.0
1.0
0.998530924320221
1.0
1.0
1.0
1.0
1.0
1.0
1.0
1.0
1.0
1.0
1.0
1.0
1.0
1.0
0.9851963520050049
1.0
1.0
1.0
1.0
0.9873442649841309
0.9896702170372009
0.98316890001297
0.9876322746276855
0.980440080165863
0.948111355304718
0.924432635307312
0.8814142346382141
0.832044243812561
0.9049296379089355
0.8799856305122375
0.8309273719787598
0.8323252201080322
0.8054498434066772
0.8054495453834534
0.8822042942047119
0.8526013493537903
0.8183894753456116
0.7955881953239441
0.7789589762687683
0.8363189697265625
0.8068935871124268
0.8055133819580078
0.7930997014045715
0.7406120300292969
0.8008339405059814
0.728803277015686
0.700396716594696
0.716972291469574
0.6793625354766846
0.6707969307899475
0.6494042873382568
0.64940345287323
0.6712534427642822
0.6304366588592529
0.5937582850456238
0.557748019695282
0.5594608783721924
0.5573629140853882
0.6347211599349976
0.6269134879112244
0.5933020710945129
0.5582801699638367
0.5826623439788818
0.7803924679756165
0.8258855938911438
0.9014542102813721
1.0
1.0
1.0
1.0
1.0
1.0
1.0
1.0
1.0
0.9442495107650757
1.0
1.0
1.0
1.0
0.9964821934700012
1.0
1.0
1.0
0.9961073398590088
1.0
1.0
1.0
0.9906911253929138
1.0
1.0
0.9998890161514282
0.9954665303230286
1.0
0.9973267912864685
1.0
1.0
0.9805254340171814
0.9213134050369263
0.8757795691490173
0.8618925213813782
0.8370113372802734
0.8370111584663391
0.8507505655288696
0.8573815822601318
0.7889257073402405
0.826357364654541
0.7755165100097656
0.7975001335144043
0.8041737675666809
0.7900930047035217
0.7178221940994263
0.7301433086395264
0.7237688302993774
0.7134182453155518
0.655525803565979
0.6036326885223389
0.642585277557373
0.6055740714073181
0.5972086787223816
0.5441266894340515
0.5325261950492859
0.5628045797348022
0.5469469428062439
0.4984952211380005
0.48025012016296387
0.4266756474971771
0.3946077823638916
0.4231868088245392
0.42086151242256165
0.3612843155860901
0.32094642519950867
0.3869589865207672
0.566335141658783
0.7299783825874329
0.7833040952682495
0.7818900346755981
0.9426313638687134
1.0
1.0
1.0
0.9864044189453125
1.0
1.0
0.9817076921463013
1.0
1.0
1.0
1.0
1.0
0.9855884909629822
1.0
1.0
1.0
1.0
1.0
1.0
1.0
1.0
1.0
1.0
1.0
1.0
1.0
1.0
1.0
1.0
0.9513816833496094
0.9513816237449646
0.9310248494148254
0.9187410473823547
0.8766332864761353
0.831070065498352
0.8812066316604614
0.81157386302948
0.8204084634780884
0.7696982622146606
0.7842587232589722
0.7829672694206238
0.7977412343025208
0.8039751648902893
0.7600154876708984
0.7072091102600098
0.7626503109931946
0.7487742304801941
0.7362189888954163
0.7031478881835938
0.6489642858505249
0.7014020681381226
0.6368308663368225
0.5827521681785583
0.5896618962287903
0.607291579246521
0.5787348747253418
0.453127920627594
0.46915653347969055
0.48605215549468994
0.49855682253837585
0.4679156243801117
0.4754370450973511
0.41565006971359253
0.4176066219806671
0.41760432720184326
0.4356151521205902
0.5798958539962769
0.5991917252540588
0.8375237584114075
1.0
1.0
1.0
1.0
1.0
1.0
1.0
1.0
1.0
1.0
1.0
1.0
1.0
1.0
1.0
1.0
1.0
1.0
1.0
1.0
1.0
1.0
1.0
0.998449444770813
1.0
1.0
1.0
0.9968556761741638
0.9968556761741638
1.0
0.9632359147071838
0.9169021248817444
0.9086405634880066
0.8607608079910278
0.7798683047294617
0.8497280478477478
0.8164681196212769
0.7587597370147705
0.7927021980285645
0.730338454246521
0.7371074557304382
0.6594324707984924
0.6781638860702515
0.6399427056312561
0.6367273926734924
0.6557165384292603
0.6549586057662964
0.611353874206543
0.6421458721160889
0.6298691630363464
0.5996514558792114
0.5588172078132629
0.559971809387207
0.5385729670524597
0.5043643116950989
0.5045537352561951
0.5065433382987976
0.534065842628479
0.512488067150116
0.5071007609367371
0.49468207359313965
0.43703147768974304
0.4560880959033966
0.43387922644615173
0.44012096524238586
0.42694705724716187
0.46188274025917053
0.46888571977615356
0.5369482636451721
0.5995854139328003
0.6696330308914185
0.8688367605209351
0.9117401242256165
0.9161369204521179
0.9433073401451111
1.0
0.9978888034820557
1.0
1.0
1.0
1.0
1.0
1.0
0.9986094832420349
1.0
1.0
1.0
0.9960587024688721
1.0
1.0
1.0
1.0
0.9704225063323975
0.9972954392433167
1.0
0.9847129583358765
1.0
1.0
1.0
0.9905821084976196
0.9978411793708801
1.0
0.998303234577179
1.0
0.9981226325035095
1.0
0.989377498626709
0.9604018926620483
0.9740316271781921
0.9551786184310913
0.889845609664917
0.8740924596786499
0.8340100646018982
0.8275184035301208
0.8439129590988159
0.8090260028839111
0.785794734954834
0.7929480671882629
0.7669323682785034
0.7200742959976196
0.711720883846283
0.7677794098854065
0.7392614483833313
0.7152050733566284
0.6859321594238281
0.7170509696006775
0.6620535254478455
0.6014828681945801
0.6527130007743835
0.5831483602523804
0.5800073146820068
0.5623959302902222
0.5778241753578186
0.5357103943824768
0.5252748131752014
0.5033560991287231
0.47171884775161743
0.47171714901924133
0.47171545028686523
0.5345739126205444
0.49062424898147583
0.5341973900794983
0.5512794852256775
0.49446532130241394
0.4860602021217346
0.4722590744495392
0.583451509475708
0.7041149735450745
0.8447859287261963
0.864176869392395
0.9686488509178162
1.0
1.0
1.0
0.9773858189582825
1.0
1.0
1.0
1.0
1.0
0.9956573247909546
1.0
1.0
1.0
1.0
1.0
1.0
1.0
1.0
1.0
1.0
1.0
1.0
1.0
1.0
1.0
1.0
1.0
0.9946183562278748
0.9812220335006714
0.9903653860092163
1.0
0.976912260055542
0.9899551272392273
0.9945791959762573
0.9244389533996582
0.9115779995918274
0.8671388626098633
0.8333094716072083
0.7975841164588928
0.7976529002189636
0.7814168334007263
0.7635505795478821
0.7635502219200134
0.7635498642921448
0.8177697062492371
0.8036139607429504
0.7719429731369019
0.744909942150116
0.7542759776115417
0.7413809895515442
0.7315530776977539
0.7049166560173035
0.6856755614280701
0.7457629442214966
0.676279604434967
0.641549825668335
0.6868962645530701
0.6428492069244385
0.6132137775421143
0.6531257629394531
0.6405187845230103
0.6205551624298096
0.6270876526832581
0.6396290063858032
0.6034611463546753
0.5861967206001282
0.5487280488014221
0.543808102607727
0.5446768403053284
0.5767562985420227
0.544601559638977
0.5248763561248779
0.5069022178649902
0.5035439133644104
0.48019805550575256
0.6407737135887146
0.7568105459213257
0.8889749646186829
1.0
0.9992767572402954
1.0
1.0
1.0
1.0
1.0
1.0
1.0
1.0
1.0
1.0
1.0
1.0
1.0
1.0
1.0
0.9983885288238525
1.0
1.0
1.0
1.0
1.0
1.0
1.0
1.0
1.0
1.0
1.0
0.997452974319458
1.0
1.0
0.991939127445221
0.9840807318687439
1.0
0.988207221031189
0.948593258857727
0.916161060333252
0.8514379858970642
0.8011012077331543
0.8701845407485962
0.8631921410560608
0.8192847967147827
0.8477292060852051
0.8151145577430725
0.7672496438026428
0.7431775331497192
0.7754179239273071
0.7152491807937622
0.7266031503677368
0.6624876260757446
0.6761280298233032
0.6822285056114197
0.6666417121887207
0.6384232640266418
0.6073916554450989
0.6316999793052673
0.6698299050331116
0.6159026026725769
0.6171751618385315
0.632690966129303
0.582757294178009
0.5497639775276184
0.6101108193397522
0.590736985206604
0.5519035458564758
0.5427902340888977
0.5828848481178284
0.5198832750320435
0.4170042872428894
0.43302273750305176
0.42957624793052673
0.44332626461982727
0.4584845006465912
0.5867806673049927
0.6651731729507446
0.7357444167137146
0.8453715443611145
0.8380676507949829
0.9875868558883667
1.0
1.0
1.0
0.9858478903770447
1.0
1.0
0.994926929473877
1.0
0.9850727915763855
1.0
1.0
1.0
1.0
0.9879681468009949
0.994223952293396
0.9994752407073975
1.0
1.0
1.0
0.999991774559021
1.0
0.9949206113815308
1.0
1.0
0.9874699711799622
1.0
0.9971869587898254
1.0
1.0
1.0
1.0
1.0
0.9731016755104065
0.9775022864341736
0.9558108448982239
0.8915970921516418
0.8731377124786377
0.8503730297088623
0.8503727912902832
0.7955929636955261
0.7389533519744873
0.8125832676887512
0.7874707579612732
0.7309940457344055
0.7109915614128113
0.7506017684936523
0.7004066109657288
0.6541883945465088
0.6573799252510071
0.6289040446281433
0.6545165777206421
0.6102409362792969
0.6066069006919861
0.6073862910270691
0.614549458026886
0.5947051644325256
0.5728228688240051
0.5728217363357544
0.6255985498428345
0.5638137459754944
0.5592193007469177
0.5036239624023438
0.48547449707984924
0.50572669506073
0.4695744812488556
0.4309996962547302
0.4622330963611603
0.4149521589279175
0.36326831579208374
0.3484596908092499
0.34314489364624023
0.34576550126075745
0.48562976717948914
0.7560819983482361
0.9189603328704834
1.0
1.0
0.9809888005256653
1.0
1.0
1.0
1.0
1.0
1.0
0.9987912178039551
1.0
1.0
1.0
1.0
1.0
1.0
1.0
1.0
1.0
0.9964986443519592
0.9964986443519592
1.0
1.0
1.0
1.0
0.9735947251319885
0.9913933873176575
1.0
1.0
1.0
0.9883312582969666
0.9998677372932434
1.0
0.9887913465499878
0.9917353391647339
0.9909576177597046
0.9533466696739197
0.9442713260650635
0.8814031481742859
0.8594788312911987
0.8594787120819092
0.8653966188430786
0.8218572735786438
0.8900723457336426
0.8527719378471375
0.7976417541503906
0.7755359411239624
0.8065704703330994
0.830751359462738
0.7458312511444092
0.777744710445404
0.7242526412010193
0.6989291906356812
0.739124059677124
0.6323955655097961
0.6582476496696472
0.631263256072998
0.5698158740997314
0.5306417346000671
0.5306403040885925
0.5608224868774414
0.46546250581741333
0.49301043152809143
0.48078054189682007
0.40196239948272705
0.3719068169593811
0.3541646897792816
0.3562985360622406
0.3126823604106903
0.2952765226364136
0.26776590943336487
0.2806730568408966
0.2887646555900574
0.35805991291999817
0.4067649841308594
0.5415233373641968
0.7018099427223206
0.9527848958969116
0.9527846574783325
1.0
1.0
1.0
1.0
1.0
1.0
1.0
1.0
1.0
1.0
1.0
1.0
0.9977439641952515
1.0
1.0
1.0
1.0
1.0
1.0
1.0
1.0
1.0
1.0
1.0
1.0
1.0
1.0
1.0
1.0
1.0
1.0
1.0
0.996722400188446
1.0
0.9986060857772827
0.9667567610740662
0.9534644484519958
0.9225096106529236
0.8876455426216125
0.9130615592002869
0.8187700510025024
0.853119432926178
0.7988461256027222
0.8125727772712708
0.807224690914154
0.7512339353561401
0.7938901782035828
0.7934607267379761
0.7510690093040466
0.7711009979248047
0.7317187786102295
0.7563842535018921
0.7020477652549744
0.6831032037734985
0.6733058094978333
0.6664919257164001
0.6664911508560181
0.7020900249481201
0.6680312156677246
0.6280943155288696
0.6321276426315308
0.6161221265792847
0.5837169885635376
0.6312350034713745
0.5639309883117676
0.5337134003639221
0.5739220380783081
0.563978374004364
0.5439582467079163
0.6115765571594238
0.6692312955856323
0.7490176558494568
0.8074366450309753
1.0
0.9773964881896973
0.9874705076217651
0.9874703884124756
1.0
1.0
1.0
1.0
1.0
1.0
1.0
1.0
1.0
1.0
1.0
1.0
0.9995171427726746
1.0
1.0
1.0
1.0
1.0
1.0
1.0
1.0
1.0
1.0
1.0
1.0
0.9963353276252747
1.0
1.0
0.9972995519638062
0.9863199591636658
0.9738112688064575
0.9390831589698792
0.9018040895462036
0.8912561535835266
0.838066041469574
0.7769909501075745
0.8439576029777527
0.8439573645591736
0.787648618221283
0.7623666524887085
0.8059804439544678
0.7674775123596191
0.7142791152000427
0.7063676118850708
0.7370651364326477
0.6889414191246033
0.6526739597320557
0.6401025056838989
0.614431619644165
0.6522484421730042
0.5419566631317139
0.5792516469955444
0.5240206122398376
0.48296937346458435
0.47421497106552124
0.47516751289367676
0.4281941056251526
0.4281919002532959
0.4457363784313202
0.5282095074653625
0.6250933408737183
0.8104593753814697
0.891086757183075
1.0
1.0
1.0
1.0
1.0
0.9991452097892761
1.0
1.0
1.0
1.0
1.0
1.0
1.0
1.0
1.0
1.0
1.0
0.9644774198532104
1.0
0.9994072914123535
0.9815340638160706
1.0
1.0
0.984484851360321
0.997610330581665
0.9753069281578064
0.9806347489356995
1.0
0.9951115846633911
0.988905131816864
0.9897286295890808
0.9814320802688599
0.9874302744865417
0.9874302744865417
1.0
1.0
0.9795122146606445
0.930967390537262
0.8605789542198181
0.8038617372512817
0.8130390644073486
0.8329132795333862
0.7971298098564148
0.749950110912323
0.7455304265022278
0.724041759967804
0.7383465766906738
0.7169979810714722
0.7551815509796143
0.7175852656364441
0.6474747657775879
0.69419926404953
0.6941985487937927
0.6477022767066956
0.5967447757720947
0.6702681183815002
0.6650720238685608
0.6435274481773376
0.552717387676239
0.5632332563400269
0.5249454975128174
0.5095550417900085
0.5165782570838928
0.5150339603424072
0.7175964117050171
0.8777969479560852
0.870130181312561
0.997079074382782
1.0
0.9638168811798096
1.0
1.0
0.9734166264533997
0.9923744797706604
1.0
1.0
1.0
1.0
0.9753437042236328
1.0
0.9826833605766296
1.0
1.0
0.9885201454162598
1.0
1.0
0.9707797765731812
1.0
1.0
1.0
1.0
1.0
1.0
1.0
0.979925274848938
1.0
0.9818768501281738
0.9755222797393799
0.9595823287963867
0.9737170934677124
0.9183834195137024
0.9131278395652771
0.8680325746536255
0.7705772519111633
0.8378011584281921
0.8378008604049683
0.813890814781189
0.7711741328239441
0.785165011882782
0.741865873336792
0.7317065000534058
0.7078888416290283
0.6407338380813599
0.704461395740509
0.6335880756378174
0.6008778810501099
0.6588716506958008
0.5518096685409546
0.5847566723823547
0.5527579188346863
0.5141929984092712
0.4731462001800537
0.5198895335197449
0.5198876857757568
0.4441998600959778
0.42971864342689514
0.3994627594947815
0.37908732891082764
0.4438028335571289
0.4725847542285919
0.5976608395576477
0.856562614440918
1.0
1.0
0.9846652746200562
1.0
1.0
1.0
1.0
1.0
1.0
1.0
1.0
1.0
1.0
1.0
0.9980832934379578
0.9929309487342834
1.0
0.9965421557426453
1.0
1.0
0.9977236986160278
1.0
1.0
0.9864237904548645
1.0
0.9818224310874939
0.9823960661888123
0.9951416254043579
0.9873459935188293
0.9873459935188293
0.9958633184432983
1.0
1.0
1.0
0.9959046244621277
0.9809022545814514
0.9661444425582886
0.9403020739555359
0.8880882263183594
0.7720848917961121
0.8138284087181091
0.7993406057357788
0.7630311846733093
0.7114109396934509
0.7396037578582764
0.723360538482666
0.6967543959617615
0.699455738067627
0.6799304485321045
0.6669229865074158
0.6307004690170288
0.5807220935821533
0.6405748128890991
0.5932268500328064
0.5546824336051941
0.5902912020683289
0.6116282939910889
0.6030276417732239
0.49235475063323975
0.5311728119850159
0.4853465259075165
0.45260536670684814
0.5158001184463501
0.6350969672203064
0.5855050086975098
0.6240408420562744
0.689121425151825
0.7677638530731201
0.8845863342285156
0.9158177375793457
1.0
1.0
1.0
1.0
1.0
1.0
1.0
1.0
1.0
1.0
1.0
1.0
1.0
0.9929234385490417
0.9701716303825378
0.974051833152771
0.9740517735481262
0.9997401237487793
1.0
1.0
0.9952295422554016
1.0
0.9935693144798279
1.0
1.0
1.0
1.0
0.99181067943573
0.9946616291999817
0.9634389877319336
0.9095953106880188
0.9000805616378784
0.9000803828239441
0.8628286123275757
0.8191726207733154
0.777363657951355
0.7739334106445312
0.7692756652832031
0.8107569217681885
0.7267144918441772
0.806634783744812
0.7497454881668091
0.7309176325798035
0.7067659497261047
0.7711319923400879
0.6455574631690979
0.6929690837860107
0.6858712434768677
0.6206323504447937
0.6111087799072266
0.6473618149757385
0.6415340304374695
0.6196004748344421
0.601341187953949
0.6329208612442017
0.699971079826355
0.7494445443153381
0.8607185482978821
0.9069926142692566
0.9900161623954773
1.0
1.0
1.0
0.9888807535171509
1.0
1.0
1.0
1.0
1.0
1.0
1.0
1.0
1.0
0.9447015523910522
0.9483505487442017
0.9605677127838135
0.9653883576393127
0.9603837728500366
0.9823606014251709
1.0
0.9961469173431396
1.0
0.9978516101837158
0.9911928176879883
1.0
0.9839615821838379
0.9834007024765015
0.9758231043815613
0.9867725968360901
0.9713361859321594
0.9662695527076721
0.9638922810554504
0.9206448793411255
0.8906306624412537
0.8750980496406555
0.8191406726837158
0.7594742774963379
0.7268787026405334
0.788123607635498
0.7805050015449524
0.7476184964179993
0.6954560279846191
0.7121707201004028
0.7121700644493103
0.6980682015419006
0.6505390405654907
0.6508564949035645
0.6900303959846497
0.6134933829307556
0.5759701728820801
0.6104088425636292
0.6045202016830444
0.6103907227516174
0.5840093493461609
0.5500891804695129
0.542970597743988
0.5552113652229309
0.5383139848709106
0.5189947485923767
0.47397732734680176
0.4705802798271179
0.48763853311538696
0.4876364767551422
0.6697141528129578
0.8091731071472168
0.9655601382255554
1.0
1.0
1.0
1.0
1.0
1.0
1.0
1.0
1.0
0.9679265022277832
1.0
1.0
1.0
0.9948384761810303
1.0
1.0
1.0
1.0
1.0
1.0
1.0
1.0
1.0
1.0
1.0
1.0
1.0
0.9995293617248535
1.0
1.0
1.0
1.0
1.0
0.9791130423545837
0.9850097894668579
0.9792982339859009
0.9375479221343994
0.872701108455658
0.795192539691925
0.8506146669387817
0.8347984552383423
0.8131865859031677
0.7752743363380432
0.817680299282074
0.7643582820892334
0.7343159317970276
0.7384560704231262
0.7298043370246887
0.7865932583808899
0.7632225155830383
0.7477337718009949
0.697543203830719
0.7468975186347961
0.7468969225883484
0.6739227175712585
0.6932204365730286
0.692468523979187
0.6276662945747375
0.610342264175415
0.5971903204917908
0.5686240792274475
0.526085615158081
0.48297828435897827
0.43703964352607727
0.44405409693717957
0.47009560465812683
0.47150513529777527
0.5735228657722473
0.6643071174621582
0.658882200717926
0.7145199179649353
0.7848281860351562
0.8812234997749329
1.0
1.0
1.0
0.9546733498573303
1.0
0.9950726628303528
1.0
1.0
1.0
1.0
0.9927522540092468
1.0
1.0
1.0
1.0
1.0
0.9527241587638855
0.9527240991592407
1.0
0.9996535181999207
1.0
1.0
1.0
1.0
1.0
1.0
1.0
1.0
1.0
1.0
1.0
1.0
0.9793916344642639
0.9491452574729919
0.9281246662139893
0.9263221621513367
0.8879204988479614
0.8564643263816833
0.800781786441803
0.8538208603858948
0.7510019540786743
0.7778189182281494
0.7277765274047852
0.7804719805717468
0.7541232705116272
0.733416736125946
0.7430824637413025
0.7100719809532166
0.6900410652160645
0.6770811080932617
0.7169651985168457
0.7006371021270752
0.644197404384613
0.633679986000061
0.6336791515350342
0.6719468832015991
0.6457733511924744
0.6147118210792542
0.5854796767234802
0.5741741061210632
0.5375645160675049
0.5353856086730957
0.537827730178833
0.46915754675865173
0.5874261260032654
0.7715246677398682
0.7500064969062805
1.0
1.0
1.0
1.0
1.0
1.0
0.9501501321792603
1.0
1.0
1.0
0.9746808409690857
1.0
1.0
1.0
0.9998691082000732
1.0
0.9908005595207214
1.0
1.0
1.0
1.0
0.9982441067695618
1.0
1.0
1.0
0.9920803308486938
0.9922922253608704
1.0
1.0
1.0
0.994858980178833
0.995080828666687
1.0
1.0
0.9857051372528076
0.9268357753753662
0.8641892671585083
0.9313358068466187
0.857166051864624
0.8662360310554504
0.8094977736473083
0.8832417726516724
0.883241593837738
0.8025569319725037
0.8326605558395386
0.7907310128211975
0.7445788383483887
0.8193604946136475
0.7617081999778748
0.6988806128501892
0.7398169040679932
0.7042558193206787
0.7181314826011658
0.6726687550544739
0.6562417149543762
0.7049040794372559
0.688159704208374
0.657856822013855
0.622086763381958
0.6030646562576294
0.6516307592391968
0.590577244758606
0.5937579870223999
0.5944960713386536
0.5540973544120789
0.5388537049293518
0.5405123829841614
0.59621661901474
0.5803906917572021
0.5178114175796509
0.49015629291534424
0.508116602897644
0.5115309953689575
0.5016884803771973
0.51140296459198
0.5373335480690002
0.687456488609314
1.0
1.0
1.0
0.9572497606277466
1.0
1.0
1.0
1.0
0.9786748886108398
0.9892033934593201
1.0
1.0
1.0
1.0
1.0
1.0
1.0
1.0
1.0
1.0
1.0
1.0
1.0
1.0
1.0
1.0
1.0
0.9945770502090454
0.9976319074630737
0.9910626411437988
0.9948645830154419
0.9881213307380676
0.9975612163543701
0.9927586317062378
0.9733327031135559
0.9260878562927246
0.8915907144546509
0.8915906548500061
0.7751374840736389
0.7379871010780334
0.7149826288223267
0.7899250388145447
0.6680935621261597
0.6632077097892761
0.6985682845115662
0.6443267464637756
0.6713149547576904
0.6116881966590881
0.5705102682113647
0.6317210793495178
0.5710005164146423
0.5413631200790405
0.5178566575050354
0.5609631538391113
0.5066019892692566
0.5066002011299133
0.4562782645225525
0.46748486161231995
0.415725976228714
0.4000133275985718
0.34262657165527344
0.37169381976127625
0.3649975657463074
0.37010523676872253
0.35033854842185974
0.329827219247818
0.32750949263572693
0.9377595782279968
1.0
1.0
1.0
1.0
1.0
1.0
1.0
1.0
0.9798253178596497
1.0
1.0
1.0
1.0
1.0
0.9718573093414307
0.9947710037231445
1.0
1.0
1.0
1.0
1.0
1.0
1.0
1.0
1.0
1.0
1.0
1.0
1.0
1.0
0.9816424250602722
0.9738495349884033
0.8843201398849487
0.8945518136024475
0.8082765936851501
0.808276355266571
0.8320481777191162
0.796339213848114
0.800403892993927
0.7983134984970093
0.7458590269088745
0.7479113936424255
0.7099517583847046
0.703752875328064
0.7647715210914612
0.7478200197219849
0.6539323329925537
0.7131558060646057
0.6595316529273987
0.6468888521194458
0.629192590713501
0.6019799113273621
0.6240749359130859
0.6292937994003296
0.5636694431304932
0.5548579096794128
0.5372451543807983
0.5501829981803894
0.5528539419174194
0.5638177990913391
0.47470903396606445
0.6547108292579651
0.6478148102760315
0.9276801347732544
1.0
1.0
1.0
0.9938936829566956
1.0
1.0
1.0
1.0
1.0
1.0
1.0
1.0
1.0
1.0
1.0
1.0
1.0
1.0
1.0
0.9969236254692078
1.0
1.0
1.0
1.0
1.0
0.9952435493469238
1.0
1.0
1.0
0.9740597605705261
0.953596293926239
0.9400335550308228
0.8808649778366089
0.8730469942092896
0.7821464538574219
0.8435989618301392
0.8021753430366516
0.8049781322479248
0.7426092028617859
0.798536479473114
0.7985361218452454
0.7324294447898865
0.6775941252708435
0.6706627607345581
0.7078848481178284
0.7231371402740479
0.6476169228553772
0.6616385579109192
0.662411630153656
0.6234166622161865
0.635788083076477
0.567815363407135
0.5326983332633972
0.5148339867591858
0.5172976851463318
0.5275149345397949
0.5056787729263306
0.46955931186676025
0.5004024505615234
0.4872245192527771
0.46363240480422974
0.4851643443107605
0.5151965022087097
0.5405065417289734
0.5810285806655884
0.7944531440734863
0.9157818555831909
1.0
0.9685802459716797
1.0
0.9896094799041748
1.0
1.0
1.0
0.9521731734275818
0.9672519564628601
0.9847612380981445
0.9912266135215759
1.0
1.0
0.9989026784896851
1.0
1.0
1.0
0.984832763671875
1.0
1.0
0.9488149285316467
0.9362796545028687
0.9471151828765869
1.0
1.0
0.95096355676651
1.0
0.9410006403923035
0.9412822723388672
0.8813208937644958
0.8590781688690186
0.851938009262085
0.7490172982215881
0.7059153318405151
0.7011302709579468
0.6400746703147888
0.6746436357498169
0.6231720447540283
0.6270826458930969
0.6136526465415955
0.5793769359588623
0.5384454131126404
0.5782517194747925
0.5557554960250854
0.5439832806587219
0.49260976910591125
0.4877823293209076
0.4739344120025635
0.45924896001815796
0.4565093219280243
0.47246477007865906
0.5019592642784119
0.5168271660804749
0.5032529234886169
0.49646979570388794
0.4964677691459656
0.494107723236084
0.4741210639476776
0.45424118638038635
0.44575783610343933
0.4701418876647949
0.4998209476470947
0.5480247735977173
0.6669495105743408
0.8301994204521179
0.8326824307441711
1.0
1.0
1.0
1.0
1.0
1.0
0.9801474213600159
0.9801473021507263
0.9797281622886658
1.0
1.0
1.0
1.0
1.0
1.0
1.0
1.0
0.9448561668395996
0.9944921135902405
1.0
1.0
1.0
0.9797934293746948
1.0
1.0
0.9922250509262085
0.9760021567344666
1.0
0.9998366236686707
0.9963714480400085
0.9994089603424072
0.9810137748718262
0.9722729325294495
0.9680214524269104
0.9337145686149597
0.898635983467102
0.8490170836448669
0.8175230026245117
0.7255538702011108
0.7017610669136047
0.6683748960494995
0.6674546599388123
0.6914765238761902
0.6446427702903748
0.5956345796585083
0.5890974402427673
0.6700681447982788
0.6728771328926086
0.6114376783370972
0.5418271422386169
0.5782548785209656
0.57941073179245
0.5349048376083374
0.4989847242832184
0.48979419469833374
0.49157533049583435
0.49843311309814453
0.4996801018714905
0.5152179002761841
0.5665605068206787
0.5525203347206116
0.6692095994949341
0.7190709114074707
0.7126361131668091
0.8810366988182068
1.0
1.0
1.0
1.0
1.0
1.0
0.9891935586929321
0.9952198266983032
1.0
0.9926872253417969
0.9926871657371521
1.0
0.9729188680648804
1.0
1.0
1.0
1.0
0.9823467135429382
1.0
1.0
0.9575191140174866
1.0
1.0
1.0
0.9794925451278687
0.9976037740707397
0.9843130707740784
1.0
0.9597453474998474
0.9512414336204529
0.9561984539031982
0.9407497644424438
0.9178676009178162
0.9091762900352478
0.8733319044113159
0.8483579158782959
0.7786718010902405
0.749068021774292
0.7708334922790527
0.7563974857330322
0.7357637882232666
0.735552966594696
0.7534130215644836
0.7593229413032532
0.7682797312736511
0.7135829329490662
0.7135823369026184
0.7135815620422363
0.681086540222168
0.6354794502258301
0.634647786617279
0.6955146193504333
0.6551116108894348
0.6152235269546509
0.5677943825721741
0.5971280932426453
0.5480522513389587
0.5535362362861633
0.5386853814125061
0.5041993260383606
0.5107280611991882
0.5381069779396057
0.6339470148086548
0.7017977833747864
0.6769146919250488
0.7022047638893127
0.6943520903587341
0.7546223998069763
0.8069267272949219
0.8111920356750488
1.0
1.0
1.0
1.0
1.0
1.0
1.0
0.9984627366065979
1.0
0.9884722828865051
1.0
1.0
1.0
1.0
0.980367124080658
1.0
1.0
1.0
1.0
1.0
1.0
1.0
1.0
0.9973008632659912
1.0
1.0
1.0
1.0
1.0
1.0
0.9972983002662659
0.9587231874465942
0.9799811840057373
0.9799811840057373
0.9843237996101379
0.9734805822372437
0.9276827573776245
0.9090397953987122
0.8909035921096802
0.8813988566398621
0.7949542999267578
0.8257356286048889
0.8127973079681396
0.8592323064804077
0.8124477863311768
0.8230299949645996
0.740837037563324
0.7365530133247375
0.7545217871665955
0.7671036720275879
0.7337590456008911
0.7028206586837769
0.6686071753501892
0.6686064004898071
0.7189258933067322
0.6801027655601501
0.6237988471984863
0.6275158524513245
0.5809284448623657
0.6159243583679199
0.5711427330970764
0.5270064473152161
0.5365568995475769
0.5735064744949341
0.5659386515617371
0.6402697563171387
0.7163676619529724
0.9036833643913269
1.0
1.0
1.0
0.9513304829597473
1.0
0.9226694703102112
0.9923924803733826
1.0
1.0
0.9812037348747253
1.0
1.0
1.0
1.0
1.0
0.9905989766120911
0.992321252822876
1.0
0.9799665808677673
0.9936277270317078
1.0
0.9503554701805115
0.9457393288612366
0.9457392692565918
0.9599178433418274
0.9904624223709106
0.9970073699951172
0.9835007786750793
1.0
1.0
0.9921246767044067
0.9822681546211243
0.9897361993789673
0.9914711713790894
1.0
0.9991542100906372
0.9558870196342468
0.9086142778396606
0.8795316219329834
0.796241283416748
0.8311176300048828
0.8166450262069702
0.767889678478241
0.7678892016410828
0.7629479765892029
0.7257881760597229
0.7735610604286194
0.6858079433441162
0.7141637206077576
0.7407179474830627
0.7014204263687134
0.7103316783905029
0.6905669569969177
0.7001194953918457
0.6713454723358154
0.6520410776138306
0.6319533586502075
0.6041466593742371
0.6262124180793762
0.6303912401199341
0.6158540844917297
0.573781430721283
0.5634628534317017
0.5634614825248718
0.5619201064109802
0.5536016821861267
0.5547094941139221
0.5384535193443298
0.5810883045196533
0.6447709798812866
0.7133046984672546
0.7376054525375366
0.8169459700584412
0.7757424116134644
1.0
1.0
1.0
1.0
1.0
1.0
1.0
0.97808438539505
1.0
0.9993432760238647
0.9993432760238647
0.9440286755561829
1.0
1.0
0.9527480006217957
0.9716751575469971
0.9850607514381409
0.9836834669113159
1.0
1.0
0.9980023503303528
0.9968781471252441
1.0
1.0
1.0
0.9992333650588989
1.0
1.0
0.960379958152771
0.9924194812774658
0.9900537133216858
1.0
0.988640308380127
0.9735403656959534
1.0
0.9665663838386536
0.9339013695716858
0.9226241707801819
0.9079834222793579
0.9073891639709473
0.9075475335121155
0.8234415650367737
0.7890623211860657
0.8133589029312134
0.7410259246826172
0.7709935307502747
0.727759063243866
0.6885709762573242
0.682142436504364
0.7012624144554138
0.7012616991996765
0.6546651124954224
0.6728968024253845
0.6355692744255066
0.6311861872673035
0.6942750811576843
0.6847789883613586
0.6650339365005493
0.6575720310211182
0.5769985914230347
0.6029613614082336
0.5927024483680725
0.5536758899688721
0.5651894807815552
0.5499640107154846
0.5071855187416077
0.5557660460472107
0.5499812960624695
0.5507001876831055
0.5381841659545898
0.5150079727172852
0.5859751105308533
0.533508837223053
0.6052840352058411
0.7110080718994141
0.6931415796279907
0.7089622020721436
0.8242491483688354
1.0
1.0
1.0
1.0
1.0
1.0
0.9873566031455994
1.0
1.0
1.0
1.0
1.0
0.956921398639679
1.0
0.9974036812782288
1.0
0.9920788407325745
1.0
1.0
1.0
1.0
0.9799563884735107
0.9916051030158997
0.9940581321716309
1.0
1.0
1.0
0.9908621907234192
1.0
1.0
0.9717380404472351
0.9717380404472351
1.0
0.9982099533081055
0.9853554964065552
0.9661747217178345
0.9252063632011414
0.8969969749450684
0.9077998399734497
0.8876954913139343
0.8588115572929382
0.7459906339645386
0.7776309251785278
0.7124698758125305
0.7454398274421692
0.7370291948318481
0.7093362212181091
0.6936887502670288
0.7430991530418396
0.7341439723968506
0.7269898056983948
0.6627997159957886
0.6795349717140198
0.6796924471855164
0.6872166395187378
0.6550924777984619
0.6254048347473145
0.5904622673988342
0.571628987789154
0.602101743221283
0.5912602543830872
0.5667421221733093
0.5173474550247192
0.5382570624351501
0.5263568758964539
0.5115401744842529
0.5010485649108887
0.5020569562911987
0.5066959261894226
0.5383619666099548
0.5383602380752563
0.5604866743087769
0.6032576560974121
0.52587890625
1.0
1.0
1.0
1.0
1.0
1.0
0.9809048175811768
1.0
1.0
1.0
1.0
0.9940824508666992
1.0
1.0
1.0
1.0
1.0
1.0
0.9876970052719116
1.0
1.0
1.0
1.0
1.0
1.0
1.0
1.0
1.0
1.0
0.9974300861358643
0.9985477924346924
1.0
0.9672141075134277
0.9924789071083069
0.9948045611381531
1.0
0.9795427918434143
0.9192543029785156
0.8729151487350464
0.8335445523262024
0.8014538884162903
0.7980037331581116
0.8526925444602966
0.8648524880409241
0.8584887981414795
0.8658843636512756
0.8237805962562561
0.8376067876815796
0.8376065492630005
0.8038108348846436
0.7688155770301819
0.7372888326644897
0.8078191876411438
0.770467221736908
0.7064984440803528
0.7118344902992249
0.7792496085166931
0.7268978357315063
0.6895343065261841
0.65599524974823
0.705990195274353
0.6570667028427124
0.6542021036148071
0.6468538641929626
0.6308767795562744
0.644059419631958
0.6603127717971802
0.6447669267654419
0.7064911127090454
0.7596276998519897
0.9102715849876404
1.0
1.0
1.0
1.0
1.0
1.0
0.9953581094741821
1.0
1.0
1.0
1.0
1.0
1.0
0.9471086263656616
0.9684935212135315
0.9664894342422485
0.9308868050575256
0.9308866858482361
0.926691472530365
0.9182055592536926
0.9281304478645325
0.9248847365379333
0.9420097470283508
0.9668989777565002
0.9675837755203247
0.9622418284416199
0.947343647480011
0.9985387325286865
1.0
1.0
1.0
0.9704958200454712
0.974745512008667
0.9886645674705505
0.9733275771141052
0.9750935435295105
0.9751306176185608
0.9751306176185608
0.9595258831977844
0.9204828143119812
0.8910398483276367
0.821808397769928
0.7145233750343323
0.7620935440063477
0.6926535964012146
0.745276153087616
0.7139371633529663
0.6894220113754272
0.6851685643196106
0.6405969858169556
0.6375402808189392
0.6340352296829224
0.5900932550430298
0.5716403722763062
0.5403704643249512
0.5688918232917786
0.5571593046188354
0.5571576952934265
0.5260266661643982
0.5149960517883301
0.4733983278274536
0.46948307752609253
0.4992869794368744
0.4565923810005188
0.42996513843536377
0.4143465757369995
0.36523038148880005
0.36151647567749023
0.39829081296920776
0.4817764163017273
0.5754458904266357
0.6449958086013794
0.7081903219223022
0.8326062560081482
0.8731433749198914
0.9778933525085449
1.0
1.0
1.0
1.0
1.0
1.0
1.0
1.0
1.0
1.0
1.0
1.0
1.0
1.0
1.0
1.0
1.0
1.0
0.9938464760780334
1.0
0.9294409155845642
1.0
1.0
0.9778164625167847
0.9975566267967224
1.0
0.9639189839363098
0.9919711351394653
0.9506933093070984
1.0
0.9789950251579285
0.9909512400627136
0.9809053540229797
0.9489695429801941
0.9068295359611511
0.9003049731254578
0.8385885953903198
0.8173182010650635
0.7792237401008606
0.7645919322967529
0.7354013919830322
0.7678879499435425
0.6948028206825256
0.7685679793357849
0.7229651808738708
0.6479179859161377
0.6944506764411926
0.6462836861610413
0.6356877684593201
0.6728054285049438
0.6107646822929382
0.5690817832946777
0.5980830192565918
0.5769405364990234
0.5518777370452881
0.5700650215148926
0.4775617718696594
0.5368169546127319
0.5254169702529907
0.5376803278923035
0.5376785397529602
0.48654991388320923
0.4301438629627228
0.39691558480262756
0.38939276337623596
0.4657236933708191
0.5282559990882874
0.5821731090545654
0.6387450695037842
0.7245154976844788
0.8183338642120361
1.0
1.0
1.0
1.0
0.982153058052063
1.0
1.0
1.0
0.9773380756378174
0.9773380160331726
1.0
1.0
1.0
1.0
0.9648295640945435
1.0
1.0
1.0
1.0
1.0
1.0
1.0
0.9877509474754333
1.0
0.9920868873596191
1.0
0.997114896774292
1.0
1.0
1.0
0.9895688891410828
1.0
0.9896660447120667
0.9925858974456787
0.9998489618301392
0.9834154844284058
0.9580235481262207
0.9136496782302856
0.8899251222610474
0.8841210007667542
0.8705679178237915
0.8033623695373535
0.7897045016288757
0.8133491277694702
0.7163538336753845
0.7894177436828613
0.7028345465660095
0.7245818376541138
0.6801382899284363
0.6128256320953369
0.6417657732963562
0.5695380568504333
0.6192733645439148
0.5403510928153992
0.5279424786567688
0.5060811638832092
0.5343810319900513
0.4452986717224121
0.5088229775428772
0.511951208114624
0.5223191380500793
0.5938594937324524
0.6104275584220886
0.616726815700531
0.6960817575454712
1.0
1.0
0.925898551940918
0.9258983731269836
1.0
1.0
1.0
1.0
1.0
0.9778474569320679
1.0
0.9164136648178101
0.9418767690658569
0.9837064743041992
1.0
1.0
1.0
1.0
1.0
1.0
1.0
0.9993255138397217
1.0
1.0
0.9801100492477417
1.0
0.9988859295845032
0.9944627285003662
1.0
0.9921666979789734
1.0
1.0
1.0
0.9930551052093506
0.9864996671676636
0.9678999185562134
0.9532322883605957
0.9462576508522034
0.9303532242774963
0.899177610874176
0.9085075259208679
0.8665697574615479
0.9345691800117493
0.8805869221687317
0.8805867433547974
0.9037043452262878
0.8439798355102539
0.8575084805488586
0.7784880995750427
0.854129433631897
0.8008692264556885
0.77958083152771
0.7307952046394348
0.7639378309249878
0.7327151894569397
0.6661950945854187
0.6605225801467896
0.6914739608764648
0.6573447585105896
0.5984592437744141
0.6385310292243958
0.5853574872016907
0.5201098918914795
0.5201083421707153
0.5377601981163025
0.5423144102096558
0.586757481098175
0.555778443813324
0.6965180039405823
0.8998615741729736
1.0
1.0
1.0
1.0
1.0
0.9986403584480286
1.0
1.0
1.0
1.0
1.0
1.0
1.0
1.0
1.0
0.9978544116020203
1.0
1.0
1.0
1.0
0.9904181361198425
1.0
1.0
1.0
1.0
1.0
0.9932981133460999
1.0
1.0
1.0
1.0
0.973031222820282
0.9707176089286804
0.9366866946220398
0.8713976740837097
0.9010218381881714
0.8243377804756165
0.8508623838424683
0.8181431889533997
0.7542029023170471
0.8162634968757629
0.7622626423835754
0.7227518558502197
0.7197681665420532
0.6888884902000427
0.6888877749443054
0.7090662121772766
0.6287718415260315
0.5803290605545044
0.5963442921638489
0.5145704746246338
0.5196705460548401
0.4918827414512634
0.44299018383026123
0.440182089805603
0.3931974172592163
0.2926538288593292
0.29962247610092163
0.35158848762512207
0.4414632022380829
0.49543091654777527
1.0
1.0
1.0
1.0
1.0
1.0
1.0
1.0
1.0
1.0
1.0
1.0
1.0
1.0
1.0
1.0
1.0
1.0
1.0
1.0
1.0
1.0
0.9895537495613098
0.9804396033287048
1.0
0.9813109040260315
0.9318609833717346
0.9367719292640686
0.8719754219055176
0.7878860831260681
0.8126804828643799
0.783157229423523
0.8426093459129333
0.7898679971694946
0.7804182171821594
0.7749053835868835
0.8161775469779968
0.8173739314079285
0.7821944952011108
0.7365984320640564
0.7189155220985413
0.6922352910041809
0.6454986333847046
0.6535559296607971
0.6535334587097168
0.624003529548645
0.6445260047912598
0.5503278374671936
0.5542594790458679
0.5557961463928223
0.5924853086471558
0.6263137459754944
0.5972792506217957
0.6074625253677368
0.656715452671051
0.7220720052719116
0.8609509468078613
0.9108163118362427
0.920945405960083
0.9328656196594238
1.0
1.0
1.0
1.0
0.9367586970329285
0.9423524737358093
0.9411974549293518
0.9908962845802307
1.0
1.0
1.0
1.0
1.0
1.0
0.9707916378974915
0.9949453473091125
1.0
1.0
1.0
1.0
1.0
1.0
0.9808292388916016
1.0
1.0
0.9924110770225525
0.9987915754318237
0.9976744055747986
0.9935346245765686
0.9572353363037109
0.9846442341804504
0.9549697041511536
0.943699300289154
0.9021365642547607
0.860317051410675
0.827326238155365
0.778245210647583
0.7782447934150696
0.7752168774604797
0.8039923310279846
0.747599184513092
0.7216418981552124
0.6989279389381409
0.6739168167114258
0.7138530015945435
0.7094181180000305
0.6499533653259277
0.6817043423652649
0.6240005493164062
0.6104896068572998
0.6297222971916199
0.6103200316429138
0.5992186069488525
0.5916481614112854
0.5803388357162476
0.5606316924095154
0.5896164178848267
0.5552007555961609
0.5234324336051941
0.47540387511253357
0.47011876106262207
0.4570368826389313
0.42112627625465393
0.42272183299064636
0.4016256034374237
0.39337947964668274
0.3770045340061188
0.3836537301540375
0.41677001118659973
0.5585824847221375
1.0
0.9597355723381042
1.0
1.0
1.0
1.0
1.0
0.9738847613334656
1.0
0.9438146948814392
0.9276750683784485
1.0
0.9893810749053955
0.9916908740997314
1.0
1.0
0.9922789335250854
1.0
1.0
1.0
1.0
1.0
1.0
1.0
1.0
0.9886642098426819
0.990646481513977
1.0
1.0
1.0
0.985342264175415
0.9802953004837036
0.9912476539611816
0.9675033092498779
0.998038113117218
0.9765937328338623
1.0
0.969913899898529
0.9622783064842224
0.8903481960296631
0.7940396070480347
0.8010833263397217
0.8362430930137634
0.8362427949905396
0.749411404132843
0.7116689085960388
0.7174716591835022
0.7531019449234009
0.7063454985618591
0.6547091007232666
0.62751305103302
0.6823310852050781
0.6854375600814819
0.6349055767059326
0.6030084490776062
0.6017704606056213
0.5838013887405396
0.5792546272277832
0.5475798845291138
0.5297077894210815
0.4758818745613098
0.44267740845680237
0.4593616724014282
0.459359735250473
0.45935776829719543
0.44438785314559937
0.4933602511882782
0.6446231603622437
0.8464342355728149
1.0
1.0
1.0
1.0
1.0
1.0
1.0
1.0
1.0
1.0
1.0
1.0
1.0
1.0
1.0
1.0
1.0
1.0
1.0
1.0
1.0
1.0
1.0
0.9956690669059753
1.0
1.0
1.0
1.0
0.994179904460907
0.9939401149749756
1.0
1.0
1.0
0.9980584979057312
0.9980584979057312
0.9812241196632385
0.99278724193573
0.9812906384468079
0.9467555284500122
0.8662254810333252
0.904818058013916
0.8322479724884033
0.8650060892105103
0.7971466183662415
0.853157639503479
0.8279404640197754
0.7532954812049866
0.8030338287353516
0.7646377086639404
0.7630720734596252
0.7197607755661011
0.7341480255126953
0.7164919972419739
0.6826162338256836
0.6936547756195068
0.6936540007591248
0.6567043662071228
0.6017975807189941
0.6273027062416077
0.5285804867744446
0.5645813941955566
0.5120595693588257
0.48261699080467224
0.4991122782230377
0.49012306332588196
0.4613238275051117
0.48019689321517944
0.4664902687072754
0.45205724239349365
0.4433457553386688
0.4121297597885132
0.36447983980178833
0.3786830008029938
0.3699560761451721
0.3936547338962555
0.3936518132686615
0.3206271529197693
0.40364715456962585
0.5808399319648743
1.0
1.0
1.0
0.9156814217567444
1.0
0.9616613388061523
1.0
1.0
0.9556702971458435
1.0
1.0
1.0
1.0
1.0
1.0
0.9779990315437317
0.9779990315437317
1.0
1.0
0.992679238319397
1.0
1.0
1.0
1.0
0.9850686192512512
1.0
1.0
1.0
0.9879840016365051
1.0
1.0
0.999575674533844
1.0
1.0
0.994878888130188
1.0
1.0
0.9794886708259583
0.9492973685264587
0.8906625509262085
0.8171764612197876
0.8453713655471802
0.8077303171157837
0.8420278429985046
0.7950459122657776
0.83717280626297
0.7784758806228638
0.7917904853820801
0.7601265907287598
0.7048641443252563
0.7198277115821838
0.7906935214996338
0.7955886721611023
0.7879394888877869
0.7645281553268433
0.739650309085846
0.7061004042625427
0.72297203540802
0.6775834560394287
0.6731222867965698
0.6344389915466309
0.6399456858634949
0.671400249004364
0.6718854308128357
0.639358639717102
0.582533597946167
0.5644419193267822
0.6163434982299805
0.5285294651985168
0.5285279750823975
0.5086250305175781
0.5006617307662964
0.504703938961029
0.7057933807373047
0.7917115688323975
1.0
1.0
1.0
1.0
1.0
1.0
1.0
0.9644280076026917
0.9619957804679871
1.0
1.0
1.0
1.0
0.9930716156959534
1.0
1.0
1.0
1.0
0.9962508678436279
1.0
0.9879902005195618
1.0
1.0
0.9731601476669312
0.9887876510620117
0.9822045564651489
1.0
1.0
1.0
0.9907575845718384
1.0
0.993249773979187
0.9844717979431152
0.9722266793251038
0.9228600263595581
0.8648265600204468
0.7963175177574158
0.7947130799293518
0.7843999862670898
0.755031406879425
0.8238624930381775
0.7243678569793701
0.7634616494178772
0.7162989377975464
0.7093676328659058
0.7252081036567688
0.7384060025215149
0.7286618947982788
0.7612476348876953
0.7028321027755737
0.7276883125305176
0.7313703894615173
0.6599929332733154
0.6599231362342834
0.6680307388305664
0.6659522652626038
0.6123722791671753
0.6121052503585815
0.6394088268280029
0.6087335348129272
0.6176087856292725
0.5833544731140137
0.6072739362716675
0.6100713014602661
0.547785758972168
0.5748898983001709
0.5704531669616699
0.5844475626945496
0.5699575543403625
0.612312376499176
0.609330415725708
0.6091621518135071
0.6001760363578796
0.6004077196121216
0.6057055592536926
0.6057044267654419
0.5660372972488403
0.5681878328323364
0.5839818716049194
0.5650389194488525
0.5815008878707886
0.583973228931427
0.610772430896759
0.6109129190444946
0.6459612250328064
0.615720808506012
0.6123948693275452
0.6002379655838013
0.5750247240066528
0.6052836775779724
0.6534879207611084
0.6733184456825256
0.6732640266418457
0.6651471853256226
0.683315098285675
0.6438226103782654
0.6252999901771545
0.6134284734725952
