0.09429550170898438
0.08934589475393295
0.09575028717517853
0.07879023253917694
0.07334117591381073
0.07984866201877594
0.09187503159046173
0.10217909514904022
0.10070367157459259
0.09103966504335403
0.04171452671289444
0.038056373596191406
0.02374563179910183
0.031954094767570496
0.040976621210575104
0.06982846558094025
0.04968561977148056
0.040030624717473984
0.056734848767519
0.04292721673846245
0.06649374961853027
0.05630030110478401
0.07058873027563095
0.04766836017370224
0.0677252784371376
0.017188312485814095
0.08682779967784882
0.06352634727954865
0.029407072812318802
0.07666382193565369
0.06269364058971405
0.029159879311919212
0.06376528739929199
0.0432615801692009
0.053789664059877396
0.0537836067378521
0.05301723629236221
0.06827830523252487
0.05299787595868111
0.03625211864709854
0.04871544986963272
0.0723046362400055
0.11343459784984589
0.13072648644447327
0.2140984982252121
0.2114531248807907
0.2888643741607666
0.4228747487068176
0.422152578830719
0.37859252095222473
0.5068183541297913
0.47848814725875854
0.50545334815979
0.5801011323928833
0.5776547789573669
0.5776487588882446
0.5988063216209412
0.55088210105896
0.5731859803199768
0.641769528388977
0.6398748755455017
0.6497962474822998
0.6759908199310303
0.6478856205940247
0.68885338306427
0.7476153373718262
0.8048639297485352
0.818071722984314
0.8407381176948547
0.9143664240837097
1.0
1.0
1.0
0.9591375589370728
0.9578842520713806
0.9623658657073975
0.9775491952896118
0.9955472350120544
0.9818180799484253
1.0
0.9956296682357788
0.9353231191635132
0.9639163613319397
0.9300274848937988
0.9474388957023621
0.9297620058059692
0.8744451999664307
0.7558736205101013
0.7301329970359802
0.7362104058265686
0.6516253352165222
0.7087299823760986
0.7406026721000671
0.9209273457527161
1.0
1.0
1.0
1.0
1.0
1.0
1.0
0.9389588832855225
0.9976484775543213
1.0
1.0
0.9796059727668762
0.9714834690093994
1.0
0.9531372785568237
0.9354033470153809
0.924284040927887
0.9293036460876465
0.8863597512245178
0.8849200010299683
0.8712828755378723
0.902559220790863
0.9107555747032166
0.8948137164115906
0.9357974529266357
0.9461612105369568
0.931817889213562
0.9678492546081543
0.9444180130958557
0.9914166331291199
0.9521151781082153
0.950735867023468
0.9522896409034729
1.0
0.9894504547119141
1.0
0.9838953614234924
1.0
0.97020423412323
0.9678400754928589
0.9465647339820862
0.9465646147727966
0.9465644955635071
0.8520627021789551
0.7608705759048462
0.6660606861114502
0.6103178858757019
0.6037219166755676
0.5482197999954224
0.5826824307441711
0.5222843289375305
0.5353311896324158
0.5722525715827942
0.7542501091957092
0.866725742816925
0.9762480854988098
0.9754342436790466
1.0
1.0
0.9784862399101257
1.0
1.0
0.9940723776817322
1.0
1.0
0.9754263162612915
1.0
1.0
0.9828647971153259
0.9931849241256714
0.9839333295822144
0.976015031337738
0.9533953666687012
0.9423977136611938
0.8590976595878601
0.8637754917144775
0.8769519925117493
0.946804940700531
0.9468047618865967
0.9468046426773071
0.9737204313278198
1.0
0.9869298934936523
0.9583976864814758
0.9424719214439392
0.9844157099723816
0.9689197540283203
0.9550047516822815
0.9529727101325989
0.9977460503578186
0.8981913924217224
0.7986927628517151
0.6821439862251282
0.6477447748184204
0.5542084574699402
0.5482479929924011
0.5847113132476807
0.6037937998771667
0.5721952319145203
0.5134901404380798
0.5782783031463623
0.5925304293632507
0.6906365156173706
0.7138147354125977
0.7348437309265137
0.74271559715271
0.8007293939590454
0.9627367854118347
1.0
0.9804677367210388
1.0
0.972317099571228
0.9818713068962097
0.9801045060157776
0.999656617641449
0.9224872589111328
0.9605885148048401
0.9825849533081055
0.9563494920730591
0.9673544764518738
0.9308248162269592
0.8847658038139343
0.916014552116394
0.8615174293518066
0.8072476387023926
0.8272232413291931
0.8473035097122192
0.8915379047393799
0.880315363407135
0.8803149461746216
0.8564155101776123
0.8440842628479004
0.8966212272644043
0.8884878754615784
0.9379155039787292
0.9518021941184998
0.9465079307556152
0.8634651303291321
0.8280423879623413
0.7369134426116943
0.7274721264839172
0.627569854259491
0.5345621705055237
0.5455671548843384
0.5472908020019531
0.48041197657585144
0.4823937714099884
0.4266849756240845
0.40341323614120483
0.43928787112236023
0.4690006673336029
0.46113699674606323
0.43825069069862366
0.44428545236587524
0.4141376316547394
0.4286453425884247
0.4022023379802704
0.4290158152580261
0.4353405237197876
0.3549683094024658
0.3837096095085144
0.33503007888793945
0.34952616691589355
0.43307211995124817
0.4796755909919739
0.6310542821884155
0.914086639881134
1.0
1.0
1.0
1.0
1.0
1.0
1.0
1.0
1.0
1.0
1.0
0.9950128793716431
0.9950128793716431
0.9743244647979736
1.0
0.9672728776931763
0.9860877394676208
0.9894883632659912
0.9917229413986206
0.9835026860237122
1.0
1.0
1.0
1.0
0.9604679346084595
1.0
1.0
1.0
1.0
0.9783607721328735
0.9618445038795471
0.9426398873329163
0.8943926692008972
0.7816306352615356
0.7096073627471924
0.6533916592597961
0.5944618582725525
0.5893388390541077
0.4807755947113037
0.4865463972091675
0.4784567952156067
0.44547104835510254
0.45688924193382263
0.6396505832672119
0.6559609770774841
0.6298057436943054
0.7204872369766235
0.8737122416496277
1.0
1.0
1.0
1.0
1.0
1.0
1.0
1.0
1.0
0.9855946898460388
0.9771109223365784
0.9765998125076294
0.9836385846138
0.9906348586082458
0.9516311287879944
0.966970682144165
0.9676412343978882
0.9701657891273499
0.9683695435523987
0.9854862689971924
0.954504132270813
0.9913155436515808
1.0
1.0
0.9756302237510681
0.9801141023635864
0.9978669881820679
0.9499425888061523
0.9288128018379211
0.8910779356956482
0.8237343430519104
0.7705580592155457
0.6580085754394531
0.6733622550964355
0.5977863669395447
0.6195114850997925
0.5935541391372681
0.5133353471755981
0.5467312932014465
0.5479638576507568
0.6209151148796082
0.744023323059082
0.8192654252052307
0.8907023072242737
1.0
1.0
1.0
1.0
1.0
0.994846761226654
0.9836192727088928
0.9916886687278748
1.0
0.9694360494613647
1.0
0.9574366211891174
0.9478535652160645
0.9468425512313843
0.9471126794815063
0.9489098191261292
0.9511734843254089
0.9511733651161194
0.966809093952179
0.9425398707389832
0.9477185606956482
0.9644901156425476
0.9915416836738586
1.0
0.9971471428871155
0.9895824193954468
1.0
1.0
0.9638449549674988
0.9334561824798584
0.8778009414672852
0.8734277486801147
0.7912198901176453
0.7151884436607361
0.7151879072189331
0.6790379285812378
0.6597539782524109
0.6599175930023193
0.6598392724990845
0.7638151049613953
0.8166859745979309
0.9675398468971252
1.0
1.0
0.9989611506462097
1.0
1.0
1.0
1.0
1.0
1.0
0.9491900205612183
0.998412013053894
1.0
0.9299156069755554
0.9643552899360657
0.9225112795829773
0.9405723810195923
0.8996288776397705
0.912220299243927
0.9162956476211548
0.9650006294250488
0.9200464487075806
0.929165780544281
0.9127336144447327
0.8956062197685242
0.9290769696235657
0.9290768504142761
0.9290767312049866
0.9401485919952393
0.9348293542861938
0.9291287064552307
0.9477167725563049
0.9515790939331055
0.8511263728141785
0.8102326393127441
0.7546701431274414
0.758019208908081
0.7089728116989136
0.7518498301506042
0.6678961515426636
0.7173409461975098
0.7938632369041443
0.8578661680221558
0.9239757657051086
0.9635311961174011
1.0
1.0
1.0
1.0
0.9678707718849182
0.951737642288208
0.999774694442749
0.9504921436309814
0.9462011456489563
0.9640164971351624
0.9494444727897644
0.9505080580711365
0.9239491820335388
0.8976656198501587
0.9013383984565735
0.8997839093208313
0.886319100856781
0.8863188624382019
0.8941705226898193
0.8921515345573425
0.9109427332878113
0.8984415531158447
0.8716577291488647
0.8710613250732422
0.8855192065238953
0.8870925307273865
0.8682593703269958
0.8545796871185303
0.8354711532592773
0.7984243035316467
0.7442187666893005
0.6746450066566467
0.6504729986190796
0.6497970223426819
0.6497960686683655
0.5900744199752808
0.6722135543823242
0.7621486783027649
0.8959076404571533
0.7912988662719727
1.0
1.0
0.9764398336410522
1.0
1.0
1.0
1.0
0.995513916015625
1.0
1.0
1.0
0.9961906671524048
0.9961906671524048
1.0
0.984756588935852
0.9901345372200012
0.951310932636261
0.9909515976905823
0.9874830842018127
0.9678042531013489
0.9750171899795532
1.0
0.9768245220184326
0.9650059938430786
0.9786883592605591
0.9561381340026855
0.9366629719734192
0.9418871998786926
0.9503983855247498
0.9426041841506958
0.9345631003379822
0.8834969997406006
0.7900945544242859
0.7000488638877869
0.6840612292289734
0.6151359677314758
0.6067241430282593
0.6952400803565979
0.7697130441665649
0.8392739295959473
1.0
1.0
1.0
1.0
1.0
1.0
1.0
1.0
0.9853340983390808
1.0
1.0
1.0
0.9883419871330261
0.9643505215644836
0.9727357625961304
0.9859381914138794
0.9460515975952148
0.9630311727523804
0.9579361081123352
0.9765786528587341
0.9769276976585388
0.9997749328613281
1.0
0.9724280834197998
0.9997501373291016
0.9952245354652405
1.0
1.0
0.9997621178627014
0.9769952893257141
0.8934631943702698
0.778397798538208
0.7842452526092529
0.7641131281852722
0.6755295991897583
0.6344394683837891
0.6377408504486084
0.579039990901947
0.5790387988090515
0.5352282524108887
0.5564665794372559
0.6049766540527344
0.8730559349060059
0.9312019348144531
1.0
1.0
1.0
1.0
0.994786262512207
0.9992979764938354
1.0
0.996924102306366
0.9941295385360718
1.0
0.9782707095146179
1.0
1.0
0.996103823184967
0.9670381546020508
0.9971127510070801
0.9471078515052795
0.9648714661598206
0.9589887261390686
1.0
0.9461885094642639
0.9563645720481873
0.973175048828125
0.9938746094703674
0.9921225905418396
0.9914512634277344
1.0
1.0
0.9824252724647522
0.9667401909828186
0.9825901389122009
0.8613899946212769
0.7485226392745972
0.653050422668457
0.6505787372589111
0.6081341505050659
0.6390212178230286
0.7274442911148071
0.9789604544639587
0.9967527389526367
1.0
1.0
1.0
1.0
1.0
0.9942139983177185
1.0
1.0
1.0
1.0
0.9274230599403381
0.9568398594856262
0.9558007717132568
0.9695296287536621
0.9290260076522827
0.8910533785820007
0.8906148672103882
0.8654465675354004
0.8654462695121765
0.8453971147537231
0.8634721636772156
0.8874019384384155
0.8679389357566833
0.8730879426002502
0.8632890582084656
0.8583142757415771
0.8545824885368347
0.8475333452224731
0.8462332487106323
0.7745848298072815
0.7314956784248352
0.7279049754142761
0.6023812890052795
0.548245370388031
0.4782992899417877
0.5877162218093872
0.6439871788024902
0.607607364654541
0.8212095499038696
0.9227123856544495
1.0
1.0
1.0
1.0
1.0
1.0
1.0
1.0
1.0
0.9872239232063293
1.0
0.9673784971237183
0.986158549785614
0.9798636436462402
0.9805949926376343
0.982170045375824
0.9638398289680481
0.9515808820724487
0.977368950843811
0.968200147151947
0.9723201394081116
0.9660411477088928
0.9965190291404724
1.0
0.9930272698402405
1.0
0.9677830338478088
0.961999773979187
0.8780006170272827
0.8345657587051392
0.8181383609771729
0.7450135946273804
0.7769676446914673
0.7249656915664673
0.6471091508865356
0.5738840103149414
0.5796670317649841
0.5616626739501953
0.5627664923667908
0.7418977618217468
0.8546141982078552
0.8546137809753418
0.9371695518493652
1.0
1.0
1.0
1.0
1.0
1.0
1.0
1.0
1.0
1.0
0.9865483045578003
0.9755889773368835
0.9833102226257324
0.9771918654441833
0.9883937239646912
0.9697833061218262
0.9741376638412476
0.9762495756149292
0.9878041744232178
0.9889039397239685
1.0
1.0
1.0
1.0
0.9490624070167542
0.9412332773208618
0.9011439681053162
0.8667984008789062
0.8667981624603271
0.8101531863212585
0.7367111444473267
0.7065457105636597
0.7313440442085266
0.7475510835647583
0.6494611501693726
0.668196439743042
0.6011586785316467
0.6073640584945679
0.6465424299240112
0.7522661685943604
0.7451320290565491
0.7190433144569397
0.8248302340507507
0.8774838447570801
0.9058986306190491
1.0
1.0
1.0
1.0
1.0
0.9960758090019226
1.0
1.0
1.0
1.0
0.9706470370292664
0.9412627220153809
0.902450680732727
0.8787582516670227
0.867948055267334
0.8619830012321472
0.8555951714515686
0.8683890104293823
0.8710216283798218
0.8571404218673706
0.8812142610549927
0.8593747615814209
0.8883062601089478
0.899925708770752
0.894011378288269
0.8898432850837708
0.8546523451805115
0.8205567598342896
0.7774347066879272
0.8088207244873047
0.7549604177474976
0.7639593482017517
0.7555835247039795
0.7090809345245361
0.6557918190956116
0.6330174803733826
0.5533093214035034
0.48537686467170715
0.49869874119758606
0.40817487239837646
0.40295302867889404
0.421642929315567
0.4654148817062378
0.5875790119171143
0.8388459086418152
1.0
1.0
1.0
1.0
1.0
1.0
1.0
1.0
1.0
1.0
0.9912629127502441
0.9901221394538879
1.0
0.9993634819984436
1.0
1.0
1.0
0.9607521891593933
0.9763628244400024
0.9856386780738831
0.991626501083374
1.0
0.9987863302230835
0.9944265484809875
1.0
1.0
1.0
0.9613490700721741
0.9783557057380676
0.9929122924804688
0.9834109544754028
0.9831951260566711
0.9556177258491516
0.9219803214073181
0.8463640809059143
0.7635147571563721
0.7713443636894226
0.6559845209121704
0.6787720918655396
0.6787713170051575
0.6787704825401306
0.5920145511627197
0.5496858358383179
0.5588770508766174
0.5028328895568848
0.49590015411376953
0.5042604207992554
0.5051993131637573
0.6053754687309265
0.6723901033401489
0.6645355820655823
0.6589027643203735
0.7043054699897766
0.7947204113006592
1.0
1.0
1.0
1.0
0.9942344427108765
1.0
1.0
1.0
1.0
1.0
0.9955605864524841
1.0
1.0
1.0
1.0
1.0
1.0
1.0
1.0
1.0
1.0
1.0
0.9999268054962158
1.0
1.0
0.994040846824646
0.9869977831840515
0.9632810950279236
0.8989497423171997
0.8609774112701416
0.8329758048057556
0.7898670434951782
0.73995041847229
0.6997029781341553
0.6699469089508057
0.7179940342903137
0.7179932594299316
0.6829894185066223
0.6045101284980774
0.5857090353965759
0.578542947769165
0.6061661243438721
0.559984028339386
0.5525963306427002
0.5297299027442932
0.5310119390487671
0.536171555519104
0.5239654183387756
0.5816338062286377
0.5264599919319153
0.5086865425109863
0.5026393532752991
0.5026376843452454
0.4816606640815735
0.4894424378871918
0.4800814092159271
0.5049256682395935
0.4520755410194397
0.4727385640144348
0.4859583079814911
0.49150100350379944
0.44667303562164307
0.45778942108154297
0.40216636657714844
0.4010179340839386
0.39452406764030457
0.37779125571250916
0.3889490067958832
0.4118190407752991
0.4202968180179596
0.4154413640499115
0.43031495809555054
0.4060181677341461
0.376895010471344
0.38850608468055725
0.3938598334789276
0.36982738971710205
0.4120042324066162
0.3849414587020874
0.4023381471633911
0.41587066650390625
0.34690654277801514
0.3586188554763794
0.39912933111190796
0.37949198484420776
0.34492141008377075
0.36341044306755066
0.36340755224227905
0.38714975118637085
0.5035573244094849
0.5472944378852844
0.5943834781646729
0.8242604732513428
1.0
1.0
1.0
1.0
1.0
0.9753815531730652
1.0
1.0
1.0
1.0
1.0
1.0
1.0
1.0
1.0
1.0
1.0
0.9860656261444092
0.9879072904586792
1.0
0.9959198832511902
1.0
1.0
0.9870587587356567
0.9806163311004639
0.9804403781890869
0.9792291522026062
0.9968935251235962
0.9814289808273315
1.0
1.0
1.0
0.9729483723640442
0.9535792469978333
0.9498305320739746
0.9101096987724304
0.8086346387863159
0.8244625329971313
0.7237321734428406
0.6987060904502869
0.7091636657714844
0.6927530765533447
0.653396725654602
0.6856088638305664
0.6465792655944824
0.5715981721878052
0.563343346118927
0.512443482875824
0.512441873550415
0.5048456788063049
0.5146597623825073
0.49383535981178284
0.517081081867218
0.5110297203063965
0.6825446486473083
0.8251925110816956
0.9623907208442688
1.0
1.0
1.0
1.0
1.0
1.0
1.0
1.0
1.0
1.0
1.0
0.9826245307922363
0.9745520949363708
0.9992413520812988
0.9953321814537048
0.9999706149101257
0.9953050017356873
1.0
1.0
1.0
0.9902148842811584
0.9758418202400208
1.0
0.9913332462310791
0.9914761781692505
1.0
1.0
0.9868824481964111
0.9868823885917664
1.0
0.991890549659729
1.0
1.0
0.9480516910552979
0.9201173782348633
0.8799495697021484
0.8381479382514954
0.7736275792121887
0.7607273459434509
0.6922174692153931
0.7168557643890381
0.643141508102417
0.6257754564285278
0.5313000082969666
0.48340433835983276
0.4584493637084961
0.49183645844459534
0.45325401425361633
0.4684411883354187
0.4036732017993927
0.49338725209236145
0.5710431337356567
0.6326932311058044
0.7027360796928406
0.8455050587654114
1.0
1.0
1.0
1.0
1.0
1.0
0.9943552017211914
0.9943552017211914
0.9663958549499512
0.9954851865768433
1.0
0.9945656657218933
0.9946525692939758
1.0
1.0
1.0
1.0
0.9863173961639404
1.0
0.9997448921203613
1.0
1.0
1.0
1.0
0.987338662147522
1.0
0.961418092250824
0.9821285009384155
0.9603041410446167
0.9367561936378479
0.9069874882698059
0.8717787861824036
0.8088566660881042
0.8117530941963196
0.7189379334449768
0.7184359431266785
0.6575881242752075
0.6911503672599792
0.6502425074577332
0.6301069855690002
0.6355884075164795
0.6385959982872009
0.6255114078521729
0.6332982778549194
0.6165672540664673
0.5658305287361145
0.5920968651771545
0.5624509453773499
0.5618587732315063
0.5630921721458435
0.5534969568252563
0.5367952585220337
0.5418355464935303
0.5460659861564636
0.5348612666130066
0.5352740287780762
0.582362949848175
0.5722106099128723
0.5550733804702759
0.542333722114563
0.5601699948310852
0.5594288110733032
0.5901750922203064
0.5541576147079468
0.5353694558143616
0.514376699924469
0.5231491923332214
0.5775856375694275
0.5289544463157654
0.5067249536514282
0.5205806493759155
0.4878115952014923
0.48151740431785583
0.5020255446434021
0.48121994733810425
0.5018471479415894
0.45981481671333313
0.4808376133441925
0.5077078938484192
0.491149365901947
0.47808799147605896
0.4697321355342865
0.5170102119445801
0.5443236231803894
0.4990995526313782
0.5039741396903992
0.5090934634208679
0.5292233228683472
0.5190215706825256
0.5082002878189087
0.5254286527633667
0.530439019203186
0.5432202219963074
0.5275418758392334
0.5327726602554321
0.5050340890884399
0.48576828837394714
0.47670432925224304
0.4654657542705536
0.4847014248371124
0.4799392819404602
0.4512157440185547
0.4533855617046356
0.43921157717704773
0.4161216616630554
0.3876549303531647
