0.8650050163269043
0.8919234871864319
0.8517262935638428
0.8517259359359741
0.856646716594696
0.9479456543922424
1.0
1.0
0.9240822196006775
0.9937916398048401
0.9096201658248901
0.9422712326049805
0.8653079271316528
0.8704731464385986
0.9374390840530396
0.9093277454376221
0.8714084029197693
0.948486328125
0.9060457944869995
0.8810825943946838
0.893232524394989
0.8885518908500671
0.8868077993392944
0.871984601020813
0.9412586092948914
0.9868227243423462
0.89951491355896
0.900741457939148
0.9398065805435181
0.9813019037246704
0.9708060026168823
0.9135696887969971
0.8286908864974976
0.8515067100524902
0.8841303586959839
0.8823928236961365
0.8092947602272034
0.8377513885498047
0.8193743824958801
0.808003306388855
0.8072052001953125
0.863986074924469
0.8111967444419861
0.7920174598693848
0.8192659020423889
0.8237939476966858
0.8199411034584045
0.8199405074119568
0.8586630821228027
0.814322829246521
0.8311662077903748
0.8598068356513977
0.8003583550453186
0.8003410696983337
0.7927709221839905
0.8591462969779968
0.8818172216415405
0.8525054454803467
0.9061190485954285
0.8386138677597046
0.8610442876815796
0.8929873108863831
0.9128431081771851
0.8565679788589478
0.8324785828590393
0.7543344497680664
0.7858761548995972
0.7541264891624451
0.856785774230957
0.8452293276786804
0.7892941832542419
0.8775352835655212
0.8553191423416138
0.874203085899353
0.87420254945755
0.8861232995986938
0.9468094706535339
0.9025555849075317
0.969728410243988
0.9051560163497925
0.9341580271720886
0.9636222124099731
0.9231945872306824
0.9904863238334656
1.0
0.9294883012771606
0.9074137806892395
0.8691400289535522
0.8019718527793884
0.7202351093292236
0.7968369126319885
0.8551819920539856
0.8798913359642029
0.8170576095581055
0.8544012308120728
0.8641090989112854
0.7819331884384155
0.8299287557601929
0.7915087938308716
0.7921229600906372
0.7433493137359619
0.7355682253837585
0.7261979579925537
0.7158557772636414
0.7064604163169861
0.6983650326728821
0.7053528428077698
0.699597954750061
0.7533990740776062
0.8048810958862305
0.8077982664108276
0.7548863887786865
0.7571568489074707
0.7684621810913086
0.8036689758300781
0.8036677241325378
0.8137921690940857
0.763073742389679
0.8329140543937683
0.8204708695411682
0.8020893335342407
0.8012905120849609
0.7550649046897888
0.7810908555984497
0.8175626397132874
0.7757979035377502
0.7246835827827454
0.6950816512107849
0.5994805097579956
0.6864428520202637
0.664415180683136
0.6212155222892761
0.588415801525116
0.690924882888794
0.6942286491394043
0.7276321649551392
0.6559149026870728
0.6601540446281433
0.6178473234176636
0.8272301554679871
0.8281339406967163
0.810326099395752
0.8103246688842773
0.9217749834060669
0.9758478999137878
0.8461432456970215
0.8562551140785217
1.0
0.9834054112434387
0.9233323335647583
0.9740133881568909
0.9757139086723328
1.0
1.0
1.0
0.9653018116950989
1.0
0.950803816318512
1.0
0.964160144329071
1.0
0.9913089871406555
1.0
0.9939717054367065
0.9925169944763184
0.9953200817108154
0.9326763153076172
0.9597199559211731
0.9216415286064148
0.9216412305831909
0.8406794667243958
0.8148958683013916
0.8155304193496704
0.8174646496772766
0.8288722038269043
0.7454437613487244
0.7192586064338684
0.7267817258834839
0.7454583644866943
0.6174070835113525
0.7125697135925293
0.7223243713378906
0.7619010806083679
0.7716864347457886
0.7590620517730713
0.7581611275672913
0.7166489362716675
0.6857612133026123
0.7452098727226257
0.6828110218048096
0.6730825901031494
0.6101583242416382
0.5731054544448853
0.5527122616767883
0.5527089834213257
0.5838962197303772
0.6028979420661926
0.603279173374176
0.5690916776657104
0.5652742385864258
0.5606435537338257
0.6261471509933472
0.5791715383529663
0.5583173036575317
0.6580549478530884
0.8003484606742859
0.8892814517021179
0.9254794716835022
1.0
0.9885230660438538
1.0
1.0
0.9679872393608093
1.0
0.9684547781944275
1.0
0.867817759513855
0.8105219006538391
0.9033231139183044
0.9006736278533936
0.8589605689048767
0.8212184309959412
0.8039059638977051
0.7859748005867004
0.6155716180801392
0.7791038751602173
0.7625420689582825
0.8127344250679016
0.8743504881858826
0.8935179710388184
0.8524081110954285
0.7722951173782349
0.8467785120010376
0.9266161918640137
0.9949703812599182
1.0
0.9771245718002319
0.9591612219810486
1.0
0.9989925622940063
0.9259377717971802
0.9646692872047424
0.8987457156181335
0.8168978095054626
0.8525027632713318
0.8521376252174377
0.8658493161201477
0.9644806981086731
0.9183194637298584
0.9628201723098755
0.8538971543312073
0.961735725402832
0.9407074451446533
0.8486517071723938
0.798541247844696
0.8172041177749634
0.7500008940696716
0.7541897892951965
0.7722745537757874
0.7715400457382202
0.758263885974884
0.7643507122993469
0.8036906719207764
0.7556681036949158
0.766503095626831
0.8781516551971436
0.8882675170898438
0.9415016770362854
0.8722736835479736
0.9914405941963196
1.0
1.0
1.0
0.9198978543281555
0.9636261463165283
1.0
1.0
1.0
1.0
1.0
0.9422317743301392
1.0
0.9333962798118591
0.994575560092926
1.0
1.0
0.9708136320114136
0.9966691136360168
1.0
0.9745870232582092
1.0
0.9882422685623169
0.9859122037887573
0.9717088937759399
0.9232050776481628
0.8527820706367493
0.8667293190956116
0.8133141398429871
0.846766471862793
0.9091203808784485
0.8507606387138367
0.8847318887710571
0.8200616240501404
0.7586697936058044
0.7806373834609985
0.7250630855560303
0.7821483016014099
0.7325246334075928
0.7691464424133301
0.6976972222328186
0.8414856195449829
0.8414846062660217
0.8482227325439453
0.7784967422485352
0.735943615436554
0.7780181169509888
0.7188082337379456
0.6970332860946655
0.6655578017234802
0.6843389868736267
0.7311835289001465
0.6677075624465942
0.6190825700759888
0.6376439929008484
0.7133913636207581
0.6652088761329651
0.610943615436554
0.7116263508796692
0.673973798751831
0.6369136571884155
0.6350371837615967
0.7056447863578796
0.6305035948753357
0.7331316471099854
0.7090631723403931
0.6569873094558716
0.6271605491638184
0.713053286075592
0.7722803354263306
0.7429137825965881
0.746285080909729
0.8362688422203064
0.8189131617546082
0.7867927551269531
0.8710601925849915
0.8666554093360901
0.7954031825065613
0.8577781319618225
0.7740085124969482
0.8966137766838074
0.8748854994773865
0.9281119704246521
0.933199942111969
0.9985052943229675
1.0
0.8641825318336487
1.0
0.951151967048645
1.0
0.8670275211334229
0.8857598304748535
0.9110700488090515
0.8645215034484863
0.8428685665130615
0.850803554058075
0.8089950680732727
0.8421491980552673
0.8161094784736633
0.724318265914917
0.7216787934303284
0.8022918105125427
0.6963434219360352
0.7862318158149719
0.7578510046005249
0.7620646953582764
0.724001407623291
0.729293167591095
0.7529803514480591
0.729961097240448
0.7944934964179993
0.7980218529701233
0.7971599698066711
0.7159711122512817
0.6895239949226379
0.8196229934692383
0.7601869702339172
0.8211153745651245
0.7932521104812622
0.6946137547492981
0.7489863634109497
0.7570569515228271
0.8363761305809021
0.7810389399528503
0.9316624999046326
0.9408750534057617
1.0
0.9283843040466309
0.9500911831855774
0.9342052340507507
1.0
1.0
1.0
1.0
0.9970853924751282
1.0
0.9732480049133301
0.9471800923347473
1.0
0.9204351305961609
0.97444087266922
1.0
1.0
0.966425359249115
0.9607720971107483
0.9608083367347717
0.9420240521430969
0.9089044332504272
0.8885268568992615
0.849541962146759
0.8288764953613281
0.7616974115371704
0.7482840418815613
0.7337647080421448
0.7744913101196289
0.8110520243644714
0.7998673915863037
0.7580264806747437
0.7246856689453125
0.6872815489768982
0.7495709657669067
0.7637653946876526
0.748231053352356
0.7725769877433777
0.7755321264266968
0.7741217017173767
0.7490083575248718
0.6862276792526245
0.6862260699272156
0.6950948238372803
0.7185397148132324
0.7317793369293213
0.7680646181106567
0.7362185120582581
0.7101195454597473
0.6811026930809021
0.7830532193183899
0.8504146337509155
0.8861331939697266
0.8994296193122864
0.8287517428398132
0.8030363917350769
0.8373556733131409
0.842725932598114
0.8427249789237976
0.8892877697944641
0.9362552762031555
0.9296481013298035
0.9666277766227722
0.9009416699409485
0.9009650945663452
0.8536067008972168
0.9165905714035034
0.8917832374572754
0.8973761200904846
0.8686309456825256
0.9082297682762146
0.9326493740081787
0.8986783027648926
0.9535780549049377
0.9415028095245361
0.9998195767402649
0.9828667640686035
0.9295216798782349
0.9010027647018433
0.9653931856155396
0.9827573895454407
0.9890329241752625
0.9629311561584473
1.0
0.9588800072669983
0.8736275434494019
0.9561577439308167
0.9328974485397339
1.0
1.0
1.0
0.9670201539993286
1.0
0.9419571757316589
0.9398928284645081
0.9742331504821777
0.995110034942627
1.0
0.9729332327842712
0.9799323081970215
0.9982285499572754
1.0
0.9835790991783142
1.0
1.0
0.9439151883125305
1.0
1.0
0.9466100931167603
0.9525666832923889
1.0
0.9319888949394226
1.0
0.9569649696350098
0.9175800085067749
0.9603197574615479
0.9650322198867798
0.9295575022697449
0.9536147117614746
0.9304895997047424
0.9460132718086243
0.8903557062149048
0.8769122362136841
0.8198411464691162
0.8034297227859497
0.804739773273468
0.8373202085494995
0.85373455286026
0.8502614498138428
0.893983781337738
0.8829052448272705
0.8824495077133179
0.8073326349258423
0.8664947152137756
0.7765202522277832
0.768456757068634
0.7684557437896729
0.76995849609375
0.821337878704071
0.7762691974639893
0.8502295613288879
0.8701286315917969
0.893688440322876
0.8858696818351746
0.9079999327659607
0.912046492099762
0.9553775191307068
0.89377760887146
0.8739649057388306
0.8768913149833679
0.8787389397621155
0.8751935362815857
0.8463137149810791
0.8821530342102051
0.907303512096405
0.7865653038024902
0.8273435831069946
0.8696280121803284
0.9389203190803528
0.9093409776687622
0.9486561417579651
0.9604053497314453
0.9856846928596497
0.9059971570968628
1.0
0.9243532419204712
0.8944346308708191
0.8196240067481995
0.8527966737747192
0.860322117805481
0.8280832767486572
0.8548990488052368
0.8794499039649963
0.8941524028778076
0.7559977769851685
0.8482246398925781
0.8742814064025879
0.8812991976737976
0.7721898555755615
0.8663236498832703
0.8313745856285095
0.8218295574188232
0.8110867142677307
0.7758323550224304
0.8334966897964478
0.7673919796943665
0.8841895461082458
0.8229981660842896
0.9475588798522949
0.9184502363204956
0.8519057035446167
0.8745372295379639
0.9120664000511169
0.997488260269165
0.9822207093238831
0.983727753162384
1.0
0.9738097786903381
1.0
1.0
0.954558789730072
0.9387971758842468
0.9745912551879883
0.9769822955131531
0.9318856000900269
0.8478162288665771
0.8707994222640991
0.882713794708252
0.8664578795433044
0.740881085395813
0.8005634546279907
0.6923311948776245
0.7940055727958679
0.7712596654891968
0.7470764517784119
0.7421804666519165
0.7705488801002502
0.7432036995887756
0.7731007933616638
0.7684749960899353
0.7823874354362488
0.7676728367805481
0.8012008666992188
0.800668478012085
0.7449944019317627
0.9083570241928101
0.9309128522872925
0.8331671953201294
0.8430729508399963
0.9049762487411499
0.8407371640205383
0.8032839894294739
0.8445451855659485
0.8315230011940002
0.8403323888778687
0.7591293454170227
0.8211600184440613
0.797406792640686
0.8247636556625366
0.7376846671104431
0.7648433446884155
0.7622255682945251
0.780791699886322
0.8632853627204895
0.8052924275398254
0.7599219083786011
0.8021303415298462
0.7680023908615112
0.7504422068595886
0.7865170836448669
0.750725507736206
0.7703287601470947
0.7042394876480103
0.7328400611877441
0.6830558776855469
0.6988480687141418
0.8170926570892334
0.8816884160041809
0.8607633113861084
0.9344717860221863
0.7737913727760315
0.9534926414489746
0.9916995763778687
1.0
1.0
0.9861429929733276
0.9676851034164429
1.0
1.0
1.0
1.0
0.9911692142486572
1.0
0.985411524772644
0.9894774556159973
1.0
1.0
1.0
0.9717068076133728
0.9747684001922607
0.9111015200614929
0.9540029168128967
0.986301839351654
0.9193265438079834
0.8570937514305115
0.7734226584434509
0.8759778141975403
0.8105008602142334
0.8484458923339844
0.7809557318687439
0.7566030025482178
0.7313126921653748
0.771559476852417
0.8241485357284546
0.8086506128311157
0.8102264404296875
0.8052282333374023
0.7968516945838928
0.7421534657478333
0.6982957720756531
0.7039322853088379
0.7292293906211853
0.7726382613182068
0.7929888963699341
0.8247189521789551
0.7728695273399353
0.8201605081558228
0.7815778255462646
0.8259648084640503
0.8593671917915344
0.8068737983703613
0.8607548475265503
0.8813083171844482
0.8106867671012878
0.8338106870651245
0.8114290237426758
0.7635825276374817
0.7479138374328613
0.8451787829399109
0.7131034731864929
0.7575688362121582
0.792871356010437
0.7460251450538635
0.7350574731826782
0.7456821799278259
0.7517149448394775
0.7172009944915771
0.7538530826568604
0.7972345948219299
0.7972336411476135
0.8272843956947327
0.729146420955658
0.8240415453910828
0.7834871411323547
0.7939217686653137
0.760462760925293
0.7611634135246277
0.7222217917442322
0.7468745708465576
0.7183526754379272
0.7490097880363464
0.8502588868141174
0.8785980939865112
0.8534385561943054
0.7959303259849548
0.8650267124176025
0.9400445222854614
0.9009026288986206
0.9052159190177917
0.9625757336616516
1.0
1.0
0.958604633808136
0.9794406294822693
0.9846071004867554
0.9721363186836243
0.9828178882598877
1.0
1.0
0.9790005683898926
0.9943296313285828
0.9888551831245422
0.9793339967727661
0.9166905879974365
0.9179528951644897
0.8952145576477051
0.8664376735687256
0.8719872236251831
0.8329954147338867
0.8236883878707886
0.8574580550193787
0.8336644172668457
0.7758981585502625
0.7592732906341553
0.7360303997993469
0.8047058582305908
0.8459910154342651
0.7672398686408997
0.7310904860496521
0.731578528881073
0.7750681042671204
0.8094687461853027
0.8857132792472839
0.9180319905281067
0.8239418268203735
0.8926581144332886
0.9272233247756958
0.9645140767097473
0.9917370676994324
0.9673780798912048
0.955549955368042
1.0
0.9761289358139038
1.0
0.9411765336990356
0.9867293834686279
0.9508575201034546
0.9251579642295837
0.9101023077964783
0.9524201154708862
0.8915368318557739
0.8641601204872131
0.9752233624458313
0.9434022307395935
0.9287986159324646
0.9396778345108032
0.9387882947921753
0.9178889393806458
0.9495323300361633
0.8895145058631897
0.8828384876251221
0.8203383088111877
0.8684135675430298
0.9428064823150635
0.9555277824401855
0.8919649720191956
0.9357480406761169
0.9751636981964111
0.9751635789871216
1.0
0.9902079105377197
1.0
1.0
1.0
0.9942642450332642
1.0
1.0
1.0
0.9816070199012756
1.0
1.0
0.9780086278915405
1.0
1.0
0.9727047085762024
1.0
1.0
0.9801220893859863
1.0
0.9502590894699097
0.9050200581550598
0.8902963399887085
0.8266156315803528
0.8109326958656311
0.8648321628570557
0.8389697670936584
0.8878397345542908
0.9671205878257751
0.9610658884048462
0.8788206577301025
0.9627184271812439
0.851220428943634
0.8532673716545105
0.868716835975647
0.844224214553833
0.8868946433067322
0.886371374130249
0.7457020878791809
0.7471215724945068
0.8582214713096619
0.8921409845352173
0.9695379734039307
0.9726904034614563
0.961143970489502
0.9033079147338867
0.9213215112686157
0.9632051587104797
0.9473279118537903
0.9178547263145447
0.8951410055160522
0.9233856797218323
0.9121803641319275
0.9147976040840149
0.9169120788574219
0.9778760075569153
0.9108160138130188
0.7475441098213196
0.8311176896095276
0.7801925539970398
0.7241939902305603
0.7650109529495239
0.7620651125907898
0.7433552742004395
0.755598247051239
0.7515953183174133
0.753363847732544
0.7381417155265808
0.7582647800445557
0.7061675190925598
0.7619089484214783
0.7264060974121094
0.7149205207824707
0.708513617515564
0.7105042934417725
0.743025541305542
0.817256510257721
0.8604649901390076
0.8567622303962708
0.8012402057647705
0.7926506400108337
0.9453815221786499
0.8974366784095764
0.9475696682929993
0.8962363004684448
0.9274199604988098
0.945348858833313
0.9515785574913025
0.9894406199455261
1.0
0.9789003729820251
1.0
1.0
1.0
1.0
1.0
0.9953975081443787
1.0
1.0
1.0
1.0
1.0
0.99609375
1.0
0.9502196907997131
0.9231686592102051
0.9458726048469543
0.9203124046325684
0.8628225922584534
0.8178688883781433
0.8635992407798767
0.8374122381210327
0.8847203850746155
0.8065571188926697
0.8487394452095032
0.8772806525230408
0.8198412656784058
0.8779140710830688
0.8362355828285217
0.8021074533462524
0.8358238339424133
0.8068868517875671
0.8791526556015015
0.8655097484588623
0.8518297076225281
0.8456577658653259
0.7934688329696655
0.7794801592826843
0.9320465922355652
0.8585866689682007
0.8688079118728638
0.8155100345611572
0.817996621131897
0.8245511054992676
0.7375745177268982
0.7374980449676514
0.7707099318504333
0.6815518140792847
0.6939360499382019
0.6625778079032898
0.6384987831115723
0.6936748623847961
0.6512480974197388
0.6415830254554749
0.7460038661956787
0.8800541758537292
0.9325348734855652
0.9858989715576172
1.0
1.0
0.905059814453125
0.9625898599624634
0.9797194004058838
0.9455046057701111
0.9509708881378174
0.9819083213806152
0.879489004611969
0.8242464661598206
0.8521791696548462
0.8286319375038147
0.872767984867096
0.8366323709487915
0.8118506073951721
0.7817748188972473
